2 0.490207 
3 0.48753 
4 0.48561 
5 0.485023 
6 0.485319 
7 0.486331 
8 0.487813 
9 0.489482 
10 0.49202 
11 0.494542 
12 0.497382 
13 0.500098 
14 0.503306 
15 0.506993 
16 0.510082 
17 0.512987 
18 0.516372 
19 0.520446 
20 0.524849 
21 0.52887 
22 0.532609 
23 0.53633 
24 0.540149 
25 0.544003 
26 0.54772 
27 0.551366 
28 0.555022 
29 0.558678 
30 0.562223 
31 0.565508 
32 0.568604 
33 0.571632 
34 0.574689 
35 0.577846 
36 0.58114 
37 0.584574 
38 0.588109 
39 0.591663 
40 0.595103 
41 0.598293 
42 0.601242 
43 0.603999 
44 0.606605 
45 0.609095 
46 0.611493 
47 0.613817 
48 0.616073 
49 0.618258 
50 0.620352 
51 0.622339 
52 0.624232 
53 0.626053 
54 0.627815 
55 0.629529 
56 0.6312 
57 0.632825 
58 0.634394 
59 0.635891 
60 0.637293 
61 0.638575 
62 0.639745 
63 0.640817 
64 0.641802 
65 0.64271 
66 0.643549 
67 0.644322 
68 0.645033 
69 0.645679 
70 0.646257 
71 0.646764 
72 0.647209 
73 0.647606 
74 0.647968 
75 0.648306 
76 0.64863 
77 0.648949 
78 0.649271 
79 0.649603 
80 0.64995 
81 0.650316 
82 0.650709 
83 0.651141 
84 0.651617 
85 0.652147 
86 0.652735 
87 0.653388 
88 0.654108 
89 0.654898 
90 0.65576 
91 0.656693 
92 0.657696 
93 0.658766 
94 0.659898 
95 0.661088 
96 0.662326 
97 0.663604 
98 0.664911 
99 0.666234 
100 0.667558 
101 0.66887 
102 0.670174 
103 0.671478 
104 0.672789 
105 0.674116 
106 0.675466 
107 0.676847 
108 0.678267 
109 0.679732 
110 0.681252 
111 0.682832 
112 0.684482 
113 0.686207 
114 0.688016 
115 0.689915 
116 0.691912 
117 0.694013 
118 0.696226 
119 0.698556 
120 0.70101 
121 0.703595 
122 0.706313 
123 0.709169 
124 0.712166 
125 0.715304 
126 0.718588 
127 0.722018 
128 0.725595 
129 0.729321 
130 0.733195 
131 0.737219 
132 0.74139 
133 0.745709 
134 0.750174 
135 0.754782 
136 0.759531 
137 0.764419 
138 0.769441 
139 0.774594 
140 0.779872 
141 0.785271 
142 0.790791 
143 0.796432 
144 0.802192 
145 0.808072 
146 0.81407 
147 0.820185 
148 0.826416 
149 0.83276 
150 0.839215 
151 0.845779 
152 0.852448 
153 0.859221 
154 0.866093 
155 0.873059 
156 0.880117 
157 0.887261 
158 0.894487 
159 0.901789 
160 0.90916 
161 0.916597 
162 0.924097 
163 0.931659 
164 0.939282 
165 0.946964 
166 0.954704 
167 0.962499 
168 0.970349 
169 0.978251 
170 0.986203 
171 0.994202 
172 1.00225 
173 1.01033 
174 1.01846 
175 1.02663 
176 1.03482 
177 1.04305 
178 1.05131 
179 1.05958 
180 1.06788 
181 1.07619 
182 1.08452 
183 1.09286 
184 1.10121 
185 1.10957 
186 1.11794 
187 1.12631 
188 1.13469 
189 1.14307 
190 1.15145 
191 1.15983 
192 1.1682 
193 1.17656 
194 1.18492 
195 1.19327 
196 1.2016 
197 1.20991 
198 1.21821 
199 1.22648 
200 1.23473 
201 1.24295 
202 1.25115 
203 1.25931 
204 1.26745 
205 1.27555 
206 1.28363 
207 1.29168 
208 1.29969 
209 1.30767 
210 1.31563 
211 1.32354 
212 1.33143 
213 1.33928 
214 1.3471 
215 1.35488 
216 1.36263 
217 1.37035 
218 1.37803 
219 1.38567 
220 1.39328 
221 1.40085 
222 1.40838 
223 1.41588 
224 1.42334 
225 1.43076 
226 1.43814 
227 1.44548 
228 1.45279 
229 1.46005 
230 1.46726 
231 1.47443 
232 1.48155 
233 1.48862 
234 1.49564 
235 1.50261 
236 1.50951 
237 1.51637 
238 1.52316 
239 1.52989 
240 1.53655 
241 1.54316 
242 1.54969 
243 1.55615 
244 1.56254 
245 1.56885 
246 1.57509 
247 1.58125 
248 1.58733 
249 1.59332 
250 1.59922 
251 1.60504 
252 1.61076 
253 1.61639 
254 1.62193 
255 1.62736 
256 1.6327 
257 1.63794 
258 1.64307 
259 1.64809 
260 1.65301 
261 1.65781 
262 1.66251 
263 1.66708 
264 1.67154 
265 1.67588 
266 1.68009 
267 1.68418 
268 1.68815 
269 1.69198 
270 1.69568 
271 1.69924 
272 1.70267 
273 1.70595 
274 1.7091 
275 1.71209 
276 1.71494 
277 1.71765 
278 1.72021 
279 1.72263 
280 1.72491 
281 1.72706 
282 1.72908 
283 1.73097 
284 1.73274 
285 1.73438 
286 1.73591 
287 1.73733 
288 1.73864 
289 1.73984 
290 1.74095 
291 1.74195 
292 1.74287 
293 1.7437 
294 1.74445 
295 1.74513 
296 1.74573 
297 1.74626 
298 1.74674 
299 1.74716 
300 1.74753 
301 1.74786 
302 1.74815 
303 1.7484 
304 1.74861 
305 1.74879 
306 1.74893 
307 1.74905 
308 1.74913 
309 1.7492 
310 1.74924 
311 1.74926 
312 1.74926 
313 1.74925 
314 1.74922 
315 1.74919 
316 1.74915 
317 1.7491 
318 1.74905 
319 1.74901 
320 1.74897 
321 1.74894 
322 1.74892 
323 1.74891 
324 1.74892 
325 1.74895 
326 1.74901 
327 1.74909 
328 1.74921 
329 1.74935 
330 1.74954 
331 1.74977 
332 1.75004 
333 1.75036 
334 1.75073 
335 1.75116 
336 1.75165 
337 1.7522 
338 1.75282 
339 1.75351 
340 1.75428 
341 1.75513 
342 1.75607 
343 1.75709 
344 1.75821 
345 1.75942 
346 1.76074 
347 1.76216 
348 1.76369 
349 1.76534 
350 1.76711 
351 1.76901 
352 1.77103 
353 1.77317 
354 1.77544 
355 1.77782 
356 1.78033 
357 1.78296 
358 1.7857 
359 1.78856 
360 1.79154 
361 1.79462 
362 1.79782 
363 1.80113 
364 1.80455 
365 1.80807 
366 1.81169 
367 1.81542 
368 1.81925 
369 1.82318 
370 1.8272 
371 1.83132 
372 1.83552 
373 1.83982 
374 1.8442 
375 1.84866 
376 1.85321 
377 1.85783 
378 1.86252 
379 1.86729 
380 1.87213 
381 1.87703 
382 1.882 
383 1.88702 
384 1.8921 
385 1.89724 
386 1.90242 
387 1.90764 
388 1.91291 
389 1.91821 
390 1.92355 
391 1.92892 
392 1.93431 
393 1.93972 
394 1.94515 
395 1.95059 
396 1.95605 
397 1.9615 
398 1.96695 
399 1.9724 
400 1.97783 
401 1.98325 
402 1.98865 
403 1.99403 
404 1.99939 
405 2.00472 
406 2.01003 
407 2.01531 
408 2.02055 
409 2.02576 
410 2.03093 
411 2.03607 
412 2.04116 
413 2.04621 
414 2.05121 
415 2.05616 
416 2.06105 
417 2.0659 
418 2.07068 
419 2.0754 
420 2.08006 
421 2.08465 
422 2.08917 
423 2.09362 
424 2.098 
425 2.10229 
426 2.1065 
427 2.11062 
428 2.11466 
429 2.1186 
430 2.12245 
431 2.1262 
432 2.12985 
433 2.13339 
434 2.13682 
435 2.14013 
436 2.14333 
437 2.14641 
438 2.14937 
439 2.15219 
440 2.15489 
441 2.15745 
442 2.15986 
443 2.16214 
444 2.16426 
445 2.16624 
446 2.16806 
447 2.16971 
448 2.17121 
449 2.17253 
450 2.17368 
451 2.17465 
452 2.17545 
453 2.17608 
454 2.17655 
455 2.17685 
456 2.17699 
457 2.17699 
458 2.17684 
459 2.17654 
460 2.17611 
461 2.17554 
462 2.17485 
463 2.17403 
464 2.1731 
465 2.17205 
466 2.1709 
467 2.16965 
468 2.1683 
469 2.16687 
470 2.16535 
471 2.16375 
472 2.16208 
473 2.16035 
474 2.15856 
475 2.15671 
476 2.15483 
477 2.1529 
478 2.15094 
479 2.14896 
480 2.14695 
481 2.14494 
482 2.14292 
483 2.14091 
484 2.13891 
485 2.13693 
486 2.13497 
487 2.13305 
488 2.13118 
489 2.12935 
490 2.12758 
491 2.12588 
492 2.12425 
493 2.12271 
494 2.12127 
495 2.11992 
496 2.11868 
497 2.11757 
498 2.11658 
499 2.11573 
500 2.11503 
501 2.11449 
502 2.11409 
503 2.11385 
504 2.11374 
505 2.11378 
506 2.11394 
507 2.11423 
508 2.11464 
509 2.11516 
510 2.1158 
511 2.11653 
512 2.11736 
513 2.11828 
514 2.11929 
515 2.12037 
516 2.12153 
517 2.12274 
518 2.12402 
519 2.12535 
520 2.12672 
521 2.12812 
522 2.12956 
523 2.13101 
524 2.13248 
525 2.13396 
526 2.13544 
527 2.13691 
528 2.13836 
529 2.13979 
530 2.14118 
531 2.14253 
532 2.14383 
533 2.14508 
534 2.14625 
535 2.14736 
536 2.14837 
537 2.14929 
538 2.15011 
539 2.15082 
540 2.1514 
541 2.15185 
542 2.15217 
543 2.15233 
544 2.15232 
545 2.15215 
546 2.1518 
547 2.15125 
548 2.1505 
549 2.14954 
550 2.14836 
551 2.14694 
552 2.1453 
553 2.14343 
554 2.14136 
555 2.13909 
556 2.13662 
557 2.13396 
558 2.13113 
559 2.12812 
560 2.12496 
561 2.12165 
562 2.1182 
563 2.11461 
564 2.11091 
565 2.10709 
566 2.10316 
567 2.09915 
568 2.09505 
569 2.09088 
570 2.08664 
571 2.08236 
572 2.07803 
573 2.07367 
574 2.0693 
575 2.06491 
576 2.06053 
577 2.05616 
578 2.05182 
579 2.04752 
580 2.04327 
581 2.03907 
582 2.03496 
583 2.03093 
584 2.02699 
585 2.02317 
586 2.01947 
587 2.01592 
588 2.01251 
589 2.00926 
590 2.00619 
591 2.00332 
592 2.00064 
593 1.99819 
594 1.99597 
595 1.994 
596 1.99229 
597 1.99085 
598 1.98971 
599 1.98887 
600 1.98835 
601 1.98817 
602 1.98831 
603 1.98878 
604 1.98956 
605 1.99064 
606 1.99202 
607 1.9937 
608 1.99565 
609 1.99787 
610 2.00036 
611 2.00311 
612 2.0061 
613 2.00932 
614 2.01278 
615 2.01645 
616 2.02034 
617 2.02442 
618 2.02869 
619 2.03315 
620 2.03777 
621 2.04255 
622 2.04749 
623 2.05256 
624 2.05776 
625 2.06307 
626 2.0685 
627 2.07402 
628 2.07962 
629 2.0853 
630 2.09104 
631 2.09682 
632 2.10265 
633 2.1085 
634 2.11436 
635 2.12023 
636 2.12609 
637 2.13192 
638 2.13771 
639 2.14346 
640 2.14914 
641 2.15475 
642 2.16027 
643 2.16568 
644 2.17098 
645 2.17615 
646 2.18118 
647 2.18604 
648 2.19074 
649 2.19524 
650 2.19955 
651 2.20364 
652 2.20751 
653 2.21117 
654 2.21462 
655 2.21787 
656 2.22091 
657 2.22374 
658 2.22637 
659 2.22881 
660 2.23105 
661 2.23309 
662 2.23494 
663 2.23661 
664 2.23809 
665 2.23939 
666 2.2405 
667 2.24144 
668 2.24221 
669 2.2428 
670 2.24323 
671 2.24349 
672 2.24359 
673 2.24353 
674 2.24331 
675 2.24294 
676 2.24242 
677 2.24175 
678 2.24095 
679 2.24 
680 2.23891 
681 2.2377 
682 2.23635 
683 2.23488 
684 2.23329 
685 2.23158 
686 2.22976 
687 2.22782 
688 2.22578 
689 2.22364 
690 2.2214 
691 2.21906 
692 2.21664 
693 2.21412 
694 2.21153 
695 2.20886 
696 2.20611 
697 2.2033 
698 2.20042 
699 2.19748 
700 2.19448 
701 2.19144 
702 2.18834 
703 2.18519 
704 2.182 
705 2.17876 
706 2.17547 
707 2.17214 
708 2.16877 
709 2.16535 
710 2.1619 
711 2.1584 
712 2.15487 
713 2.15129 
714 2.14769 
715 2.14404 
716 2.14037 
717 2.13666 
718 2.13292 
719 2.12915 
720 2.12536 
721 2.12153 
722 2.11769 
723 2.11381 
724 2.10992 
725 2.106 
726 2.10207 
727 2.09812 
728 2.09415 
729 2.09016 
730 2.08616 
731 2.08215 
732 2.07813 
733 2.0741 
734 2.07006 
735 2.06602 
736 2.06197 
737 2.05792 
738 2.05387 
739 2.04981 
740 2.04576 
741 2.04172 
742 2.03768 
743 2.03365 
744 2.02962 
745 2.02561 
746 2.02161 
747 2.01762 
748 2.01365 
749 2.0097 
750 2.00577 
751 2.00186 
752 1.99797 
753 1.99411 
754 1.99027 
755 1.98647 
756 1.98269 
757 1.97894 
758 1.97522 
759 1.97154 
760 1.96789 
761 1.96428 
762 1.96071 
763 1.95718 
764 1.9537 
765 1.95025 
766 1.94685 
767 1.9435 
768 1.9402 
769 1.93695 
770 1.93375 
771 1.93061 
772 1.92752 
773 1.92449 
774 1.92153 
775 1.91862 
776 1.91577 
777 1.91299 
778 1.91028 
779 1.90764 
780 1.90506 
781 1.90256 
782 1.90014 
783 1.89779 
784 1.89552 
785 1.89333 
786 1.89123 
787 1.8892 
788 1.88727 
789 1.88542 
790 1.88366 
791 1.882 
792 1.88043 
793 1.87896 
794 1.87758 
795 1.87631 
796 1.87514 
797 1.87408 
798 1.87312 
799 1.87227 
800 1.87154 
801 1.87091 
802 1.8704 
803 1.87 
804 1.8697 
805 1.86951 
806 1.86941 
807 1.86942 
808 1.86952 
809 1.8697 
810 1.86998 
811 1.87034 
812 1.87079 
813 1.87131 
814 1.87191 
815 1.87259 
816 1.87333 
817 1.87414 
818 1.87502 
819 1.87595 
820 1.87694 
821 1.87798 
822 1.87908 
823 1.88022 
824 1.8814 
825 1.88263 
826 1.88389 
827 1.88518 
828 1.8865 
829 1.88785 
830 1.88921 
831 1.8906 
832 1.892 
833 1.89341 
834 1.89483 
835 1.89624 
836 1.89766 
837 1.89907 
838 1.90048 
839 1.90187 
840 1.90324 
841 1.90459 
842 1.90592 
843 1.90721 
844 1.90847 
845 1.9097 
846 1.91088 
847 1.91201 
848 1.9131 
849 1.91412 
850 1.91509 
851 1.91599 
852 1.91683 
853 1.9176 
854 1.91829 
855 1.91892 
856 1.91947 
857 1.91995 
858 1.92034 
859 1.92066 
860 1.9209 
861 1.92105 
862 1.92111 
863 1.92109 
864 1.92098 
865 1.92078 
866 1.92048 
867 1.92008 
868 1.91959 
869 1.919 
870 1.9183 
871 1.9175 
872 1.91659 
873 1.91558 
874 1.91445 
875 1.91321 
876 1.91185 
877 1.91038 
878 1.90878 
879 1.90707 
880 1.90523 
881 1.90326 
882 1.90116 
883 1.89893 
884 1.89657 
885 1.89407 
886 1.89143 
887 1.88865 
888 1.88573 
889 1.88266 
890 1.87944 
891 1.87607 
892 1.87255 
893 1.86888 
894 1.86504 
895 1.86104 
896 1.85689 
897 1.85256 
898 1.84807 
899 1.8434 
900 1.83856 
901 1.83355 
902 1.82837 
903 1.82303 
904 1.81754 
905 1.81191 
906 1.80615 
907 1.80027 
908 1.79428 
909 1.78818 
910 1.78199 
911 1.77572 
912 1.76938 
913 1.76297 
914 1.7565 
915 1.75 
916 1.74345 
917 1.73689 
918 1.73031 
919 1.72373 
920 1.71716 
921 1.71061 
922 1.70408 
923 1.6976 
924 1.69116 
925 1.68479 
926 1.67849 
927 1.67227 
928 1.66615 
929 1.66013 
930 1.65423 
931 1.64846 
932 1.64284 
933 1.63736 
934 1.63205 
935 1.62691 
936 1.62196 
937 1.61722 
938 1.61268 
939 1.60837 
940 1.60429 
941 1.60047 
942 1.5969 
943 1.59361 
944 1.59061 
945 1.58791 
946 1.58552 
947 1.58345 
948 1.58173 
949 1.58035 
950 1.57935 
951 1.57871 
952 1.57844 
953 1.57853 
954 1.57896 
955 1.57972 
956 1.58079 
957 1.58217 
958 1.58383 
959 1.58578 
960 1.58798 
961 1.59044 
962 1.59314 
963 1.59605 
964 1.59918 
965 1.60251 
966 1.60601 
967 1.60968 
968 1.61351 
969 1.61748 
970 1.62157 
971 1.62577 
972 1.63007 
973 1.63444 
974 1.63888 
975 1.64338 
976 1.64791 
977 1.65245 
978 1.65701 
979 1.66155 
980 1.66606 
981 1.67053 
982 1.67495 
983 1.67929 
984 1.68353 
985 1.68767 
986 1.69169 
987 1.69557 
988 1.69928 
989 1.70283 
990 1.70618 
991 1.70932 
992 1.71224 
993 1.71492 
994 1.71733 
995 1.71947 
996 1.72131 
997 1.72284 
998 1.72403 
999 1.72488 
1000 1.72535 
1001 1.72544 
1002 1.72516 
1003 1.72451 
1004 1.7235 
1005 1.72215 
1006 1.72046 
1007 1.71844 
1008 1.71611 
1009 1.71348 
1010 1.71055 
1011 1.70735 
1012 1.70387 
1013 1.70013 
1014 1.69614 
1015 1.69192 
1016 1.68746 
1017 1.6828 
1018 1.67793 
1019 1.67287 
1020 1.66763 
1021 1.66223 
1022 1.65667 
1023 1.65096 
1024 1.64513 
1025 1.63917 
1026 1.63311 
1027 1.62696 
1028 1.62072 
1029 1.61442 
1030 1.60806 
1031 1.60166 
1032 1.59522 
1033 1.58878 
1034 1.58232 
1035 1.57588 
1036 1.56946 
1037 1.56308 
1038 1.55675 
1039 1.55048 
1040 1.5443 
1041 1.5382 
1042 1.53221 
1043 1.52634 
1044 1.5206 
1045 1.51501 
1046 1.50959 
1047 1.50434 
1048 1.49929 
1049 1.49444 
1050 1.48982 
1051 1.48543 
1052 1.48127 
1053 1.47734 
1054 1.47362 
1055 1.47012 
1056 1.46683 
1057 1.46374 
1058 1.46085 
1059 1.45814 
1060 1.45562 
1061 1.45328 
1062 1.45111 
1063 1.4491 
1064 1.44725 
1065 1.44556 
1066 1.44401 
1067 1.4426 
1068 1.44132 
1069 1.44016 
1070 1.43913 
1071 1.43821 
1072 1.43739 
1073 1.43668 
1074 1.43605 
1075 1.43551 
1076 1.43505 
1077 1.43466 
1078 1.43433 
1079 1.43406 
1080 1.43384 
1081 1.43366 
1082 1.43352 
1083 1.4334 
1084 1.4333 
1085 1.43322 
1086 1.43314 
1087 1.43305 
1088 1.43296 
1089 1.43285 
1090 1.43271 
1091 1.43254 
1092 1.43233 
1093 1.43206 
1094 1.43174 
1095 1.43136 
1096 1.4309 
1097 1.43035 
1098 1.42972 
1099 1.42899 
1100 1.42815 
1101 1.4272 
1102 1.42613 
1103 1.42496 
1104 1.42368 
1105 1.42229 
1106 1.42081 
1107 1.41923 
1108 1.41755 
1109 1.41579 
1110 1.41393 
1111 1.412 
1112 1.40998 
1113 1.40789 
1114 1.40572 
1115 1.40348 
1116 1.40118 
1117 1.39881 
1118 1.39638 
1119 1.3939 
1120 1.39136 
1121 1.38877 
1122 1.38613 
1123 1.38346 
1124 1.38074 
1125 1.37799 
1126 1.37521 
1127 1.3724 
1128 1.36957 
1129 1.36672 
1130 1.36385 
1131 1.36096 
1132 1.35807 
1133 1.35518 
1134 1.35228 
1135 1.34939 
1136 1.3465 
1137 1.34362 
1138 1.34076 
1139 1.33792 
1140 1.3351 
1141 1.33231 
1142 1.32955 
1143 1.32682 
1144 1.32414 
1145 1.32149 
1146 1.3189 
1147 1.31636 
1148 1.31387 
1149 1.31145 
1150 1.30909 
1151 1.3068 
1152 1.30457 
1153 1.30241 
1154 1.30032 
1155 1.29829 
1156 1.29632 
1157 1.2944 
1158 1.29255 
1159 1.29074 
1160 1.28899 
1161 1.28729 
1162 1.28564 
1163 1.28403 
1164 1.28247 
1165 1.28094 
1166 1.27946 
1167 1.27802 
1168 1.27661 
1169 1.27524 
1170 1.2739 
1171 1.27258 
1172 1.27129 
1173 1.27003 
1174 1.26879 
1175 1.26758 
1176 1.26637 
1177 1.26519 
1178 1.26402 
1179 1.26286 
1180 1.26171 
1181 1.26056 
1182 1.25942 
1183 1.25829 
1184 1.25715 
1185 1.25601 
1186 1.25486 
1187 1.25371 
1188 1.25254 
1189 1.25137 
1190 1.25018 
1191 1.24897 
1192 1.24774 
1193 1.24649 
1194 1.24521 
1195 1.24391 
1196 1.24258 
1197 1.24121 
1198 1.23981 
1199 1.23837 
1200 1.23689 
1201 1.23537 
1202 1.23381 
1203 1.2322 
1204 1.23055 
1205 1.22887 
1206 1.22715 
1207 1.22539 
1208 1.22359 
1209 1.22176 
1210 1.2199 
1211 1.218 
1212 1.21607 
1213 1.21411 
1214 1.21212 
1215 1.2101 
1216 1.20806 
1217 1.20599 
1218 1.20389 
1219 1.20177 
1220 1.19963 
1221 1.19747 
1222 1.19528 
1223 1.19308 
1224 1.19086 
1225 1.18862 
1226 1.18637 
1227 1.1841 
1228 1.18182 
1229 1.17953 
1230 1.17722 
1231 1.17491 
1232 1.17259 
1233 1.17026 
1234 1.16793 
1235 1.16559 
1236 1.16324 
1237 1.1609 
1238 1.15856 
1239 1.15621 
1240 1.15387 
1241 1.15153 
1242 1.1492 
1243 1.14687 
1244 1.14455 
1245 1.14224 
1246 1.13994 
1247 1.13765 
1248 1.13537 
1249 1.13311 
1250 1.13086 
1251 1.12863 
1252 1.12642 
1253 1.12422 
1254 1.12205 
1255 1.1199 
1256 1.11777 
1257 1.11567 
1258 1.11359 
1259 1.11153 
1260 1.10951 
1261 1.10751 
1262 1.10554 
1263 1.1036 
1264 1.1017 
1265 1.09983 
1266 1.09799 
1267 1.09619 
1268 1.09443 
1269 1.0927 
1270 1.09101 
1271 1.08937 
1272 1.08776 
1273 1.0862 
1274 1.08469 
1275 1.08322 
1276 1.0818 
1277 1.08042 
1278 1.0791 
1279 1.07782 
1280 1.0766 
1281 1.07543 
1282 1.07432 
1283 1.07326 
1284 1.07227 
1285 1.07133 
1286 1.07045 
1287 1.06963 
1288 1.06888 
1289 1.06819 
1290 1.06756 
1291 1.06701 
1292 1.06652 
1293 1.0661 
1294 1.06575 
1295 1.06548 
1296 1.06528 
1297 1.06516 
1298 1.06511 
1299 1.06514 
1300 1.06525 
1301 1.06545 
1302 1.06572 
1303 1.06606 
1304 1.06646 
1305 1.06693 
1306 1.06744 
1307 1.06801 
1308 1.06862 
1309 1.06926 
1310 1.06994 
1311 1.07064 
1312 1.07136 
1313 1.0721 
1314 1.07284 
1315 1.07358 
1316 1.07432 
1317 1.07505 
1318 1.07576 
1319 1.07645 
1320 1.07711 
1321 1.07774 
1322 1.07832 
1323 1.07886 
1324 1.07934 
1325 1.07977 
1326 1.08012 
1327 1.08041 
1328 1.08062 
1329 1.08074 
1330 1.08076 
1331 1.08069 
1332 1.08052 
1333 1.08023 
1334 1.07983 
1335 1.07929 
1336 1.07863 
1337 1.07783 
1338 1.07688 
1339 1.07578 
1340 1.07453 
1341 1.0731 
1342 1.07151 
1343 1.06973 
1344 1.06776 
1345 1.06561 
1346 1.06325 
1347 1.06068 
1348 1.0579 
1349 1.05489 
1350 1.05165 
1351 1.04818 
1352 1.04448 
1353 1.04056 
1354 1.03643 
1355 1.0321 
1356 1.02757 
1357 1.02286 
1358 1.01797 
1359 1.01291 
1360 1.0077 
1361 1.00233 
1362 0.996825 
1363 0.991189 
1364 0.985431 
1365 0.979561 
1366 0.973587 
1367 0.967519 
1368 0.961366 
1369 0.955139 
1370 0.948846 
1371 0.942498 
1372 0.936103 
1373 0.929672 
1374 0.923214 
1375 0.916739 
1376 0.910258 
1377 0.903779 
1378 0.897314 
1379 0.890871 
1380 0.884462 
1381 0.878096 
1382 0.871785 
1383 0.865537 
1384 0.859363 
1385 0.853274 
1386 0.84728 
1387 0.841392 
1388 0.835621 
1389 0.829976 
1390 0.82447 
1391 0.819111 
1392 0.813912 
1393 0.808884 
1394 0.804036 
1395 0.799381 
1396 0.794928 
1397 0.790691 
1398 0.786679 
1399 0.782903 
1400 0.779376 
1401 0.776105 
1402 0.773087 
1403 0.770314 
1404 0.767781 
1405 0.765479 
1406 0.763401 
1407 0.761542 
1408 0.759893 
1409 0.758448 
1410 0.757198 
1411 0.756138 
1412 0.755259 
1413 0.754555 
1414 0.754018 
1415 0.75364 
1416 0.753414 
1417 0.753332 
1418 0.753388 
1419 0.753573 
1420 0.753879 
1421 0.754299 
1422 0.754826 
1423 0.755451 
1424 0.756167 
1425 0.756965 
1426 0.757838 
1427 0.758778 
1428 0.759776 
1429 0.760825 
1430 0.761917 
1431 0.763043 
1432 0.764196 
1433 0.765366 
1434 0.766546 
1435 0.767727 
1436 0.768901 
1437 0.77006 
1438 0.771195 
1439 0.772296 
1440 0.773357 
1441 0.774368 
1442 0.775321 
1443 0.776206 
1444 0.777015 
1445 0.77774 
1446 0.778371 
1447 0.778899 
1448 0.779316 
1449 0.779613 
1450 0.779779 
1451 0.779809 
1452 0.779705 
1453 0.779469 
1454 0.779107 
1455 0.778622 
1456 0.778018 
1457 0.7773 
1458 0.776471 
1459 0.775535 
1460 0.774497 
1461 0.77336 
1462 0.772129 
1463 0.770809 
1464 0.769402 
1465 0.767915 
1466 0.76635 
1467 0.764712 
1468 0.763006 
1469 0.761235 
1470 0.759404 
1471 0.757518 
1472 0.755581 
1473 0.753598 
1474 0.751572 
1475 0.749509 
1476 0.747412 
1477 0.745287 
1478 0.743138 
1479 0.74097 
1480 0.738787 
1481 0.736593 
1482 0.734394 
1483 0.732195 
1484 0.729999 
1485 0.727812 
1486 0.725639 
1487 0.723483 
1488 0.721351 
1489 0.719247 
1490 0.717175 
1491 0.715142 
1492 0.71315 
1493 0.711207 
1494 0.709316 
1495 0.707482 
1496 0.705712 
1497 0.704008 
1498 0.702378 
1499 0.700825 
1500 0.699355 
1501 0.697972 
1502 0.696675 
1503 0.695461 
1504 0.694326 
1505 0.69327 
1506 0.692289 
1507 0.69138 
1508 0.69054 
1509 0.689768 
1510 0.68906 
1511 0.688414 
1512 0.687827 
1513 0.687296 
1514 0.686818 
1515 0.686391 
1516 0.686011 
1517 0.685677 
1518 0.685385 
1519 0.685132 
1520 0.684915 
1521 0.684732 
1522 0.68458 
1523 0.684456 
1524 0.684357 
1525 0.684279 
1526 0.684221 
1527 0.684178 
1528 0.684149 
1529 0.68413 
1530 0.684118 
1531 0.684109 
1532 0.684102 
1533 0.684093 
1534 0.684078 
1535 0.684055 
1536 0.684021 
1537 0.683972 
1538 0.683906 
1539 0.683819 
1540 0.683707 
1541 0.683569 
1542 0.6834 
1543 0.683198 
1544 0.682959 
1545 0.682679 
1546 0.682357 
1547 0.681987 
1548 0.681568 
1549 0.681095 
1550 0.680566 
1551 0.679977 
1552 0.67933 
1553 0.678626 
1554 0.677867 
1555 0.677054 
1556 0.676189 
1557 0.675272 
1558 0.674307 
1559 0.673295 
1560 0.672236 
1561 0.671133 
1562 0.669987 
1563 0.6688 
1564 0.667574 
1565 0.66631 
1566 0.66501 
1567 0.663675 
1568 0.662308 
1569 0.660909 
1570 0.659481 
1571 0.658025 
1572 0.656543 
1573 0.655037 
1574 0.653508 
1575 0.651958 
1576 0.650389 
1577 0.648803 
1578 0.647201 
1579 0.645585 
1580 0.643957 
1581 0.642319 
1582 0.640672 
1583 0.639019 
1584 0.637361 
1585 0.635699 
1586 0.634037 
1587 0.632375 
1588 0.630715 
1589 0.62906 
1590 0.627411 
1591 0.62577 
1592 0.624139 
1593 0.62252 
1594 0.620914 
1595 0.619325 
1596 0.617753 
1597 0.6162 
1598 0.614669 
1599 0.613161 
1600 0.611679 
1601 0.610224 
1602 0.608796 
1603 0.607395 
1604 0.606021 
1605 0.604674 
1606 0.603353 
1607 0.602058 
1608 0.600789 
1609 0.599546 
1610 0.598329 
1611 0.597138 
1612 0.595972 
1613 0.59483 
1614 0.593714 
1615 0.592623 
1616 0.591556 
1617 0.590513 
1618 0.589494 
1619 0.5885 
1620 0.587529 
1621 0.586581 
1622 0.585657 
1623 0.584756 
1624 0.583878 
1625 0.583022 
1626 0.582189 
1627 0.581378 
1628 0.58059 
1629 0.579823 
1630 0.579077 
1631 0.578353 
1632 0.57765 
1633 0.576968 
1634 0.576306 
1635 0.575665 
1636 0.575044 
1637 0.574444 
1638 0.573863 
1639 0.573301 
1640 0.572759 
1641 0.572236 
1642 0.571732 
1643 0.571246 
1644 0.570779 
1645 0.570329 
1646 0.569898 
1647 0.569484 
1648 0.569088 
1649 0.568708 
1650 0.568346 
1651 0.568 
1652 0.567669 
1653 0.567351 
1654 0.567045 
1655 0.566749 
1656 0.566461 
1657 0.566179 
1658 0.565902 
1659 0.565628 
1660 0.565356 
1661 0.565083 
1662 0.564807 
1663 0.564528 
1664 0.564243 
1665 0.56395 
1666 0.563648 
1667 0.563335 
1668 0.563009 
1669 0.562668 
1670 0.56231 
1671 0.561934 
1672 0.561538 
1673 0.561119 
1674 0.560677 
1675 0.560209 
1676 0.559713 
1677 0.559187 
1678 0.55863 
1679 0.558039 
1680 0.557413 
1681 0.55675 
1682 0.556047 
1683 0.555304 
1684 0.554517 
1685 0.553685 
1686 0.552807 
1687 0.551879 
1688 0.550901 
1689 0.549869 
1690 0.548782 
1691 0.547639 
1692 0.546437 
1693 0.545173 
1694 0.543847 
1695 0.542455 
1696 0.540997 
1697 0.539469 
1698 0.53787 
1699 0.536197 
1700 0.534449 
1701 0.532625 
1702 0.530726 
1703 0.528755 
1704 0.526717 
1705 0.524613 
1706 0.522447 
1707 0.520222 
1708 0.517942 
1709 0.515609 
1710 0.513226 
1711 0.510798 
1712 0.508326 
1713 0.505815 
1714 0.503267 
1715 0.500686 
1716 0.498076 
1717 0.495438 
1718 0.492777 
1719 0.490097 
1720 0.487399 
1721 0.484689 
1722 0.481968 
1723 0.479242 
1724 0.476512 
1725 0.473782 
1726 0.471056 
1727 0.468337 
1728 0.46563 
1729 0.462936 
1730 0.46026 
1731 0.457605 
1732 0.454975 
1733 0.452373 
1734 0.449804 
1735 0.447269 
1736 0.444774 
1737 0.442322 
1738 0.439915 
1739 0.437559 
1740 0.435257 
1741 0.433011 
1742 0.430827 
1743 0.428708 
1744 0.426656 
1745 0.424678 
1746 0.422775 
1747 0.420952 
1748 0.419212 
1749 0.41756 
1750 0.415999 
1751 0.414532 
1752 0.413157 
1753 0.411872 
1754 0.410675 
1755 0.409562 
1756 0.408531 
1757 0.407579 
1758 0.406704 
1759 0.405903 
1760 0.405173 
1761 0.404512 
1762 0.403917 
1763 0.403385 
1764 0.402913 
1765 0.402499 
1766 0.402139 
1767 0.401832 
1768 0.401574 
1769 0.401363 
1770 0.401195 
1771 0.401068 
1772 0.400979 
1773 0.400926 
1774 0.400904 
1775 0.400912 
1776 0.400946 
1777 0.401004 
1778 0.401082 
1779 0.401178 
1780 0.401289 
1781 0.401411 
1782 0.401542 
1783 0.401679 
1784 0.401819 
1785 0.401958 
1786 0.402094 
1787 0.402224 
1788 0.402344 
1789 0.402452 
1790 0.402544 
1791 0.402617 
1792 0.402669 
1793 0.402695 
1794 0.402694 
1795 0.402661 
1796 0.402594 
1797 0.402489 
1798 0.402344 
1799 0.402154 
1800 0.401917 
1801 0.40163 
1802 0.401294 
1803 0.400911 
1804 0.400481 
1805 0.400007 
1806 0.39949 
1807 0.398931 
1808 0.398333 
1809 0.397695 
1810 0.397021 
1811 0.39631 
1812 0.395566 
1813 0.39479 
1814 0.393983 
1815 0.393146 
1816 0.392282 
1817 0.391391 
1818 0.390476 
1819 0.389538 
1820 0.388578 
1821 0.387599 
1822 0.386601 
1823 0.385587 
1824 0.384558 
1825 0.383515 
1826 0.382461 
1827 0.381397 
1828 0.380324 
1829 0.379245 
1830 0.378161 
1831 0.377073 
1832 0.375984 
1833 0.374894 
1834 0.373807 
1835 0.372722 
1836 0.371643 
1837 0.370571 
1838 0.369508 
1839 0.368454 
1840 0.367413 
1841 0.366385 
1842 0.365374 
1843 0.364379 
1844 0.363404 
1845 0.362449 
1846 0.361517 
1847 0.36061 
1848 0.359729 
1849 0.358876 
1850 0.358052 
1851 0.357261 
1852 0.356499 
1853 0.355767 
1854 0.355064 
1855 0.354387 
1856 0.353737 
1857 0.353111 
1858 0.352508 
1859 0.351928 
1860 0.351369 
1861 0.35083 
1862 0.35031 
1863 0.349808 
1864 0.349321 
1865 0.34885 
1866 0.348393 
1867 0.347948 
1868 0.347514 
1869 0.347091 
1870 0.346677 
1871 0.34627 
1872 0.34587 
1873 0.345474 
1874 0.345083 
1875 0.344694 
1876 0.344306 
1877 0.343918 
1878 0.343529 
1879 0.343138 
1880 0.342742 
1881 0.342341 
1882 0.341934 
1883 0.341518 
1884 0.341094 
1885 0.340659 
1886 0.340212 
1887 0.339752 
1888 0.339277 
1889 0.338786 
1890 0.338278 
1891 0.337751 
1892 0.337204 
1893 0.336636 
1894 0.336045 
1895 0.33543 
1896 0.334789 
1897 0.334121 
1898 0.333425 
1899 0.332699 
1900 0.331942 
1901 0.331152 
1902 0.330331 
1903 0.329479 
1904 0.328598 
1905 0.327688 
1906 0.326751 
1907 0.325787 
1908 0.324798 
1909 0.323785 
1910 0.322749 
1911 0.321691 
1912 0.320611 
1913 0.319512 
1914 0.318394 
1915 0.317259 
1916 0.316106 
1917 0.314938 
1918 0.313756 
1919 0.312561 
1920 0.311353 
1921 0.310135 
1922 0.308906 
1923 0.307669 
1924 0.306424 
1925 0.305173 
1926 0.303916 
1927 0.302656 
1928 0.301392 
1929 0.300126 
1930 0.29886 
1931 0.297595 
1932 0.296331 
1933 0.29507 
1934 0.293813 
1935 0.292561 
1936 0.291316 
1937 0.290079 
1938 0.28885 
1939 0.287632 
1940 0.286425 
1941 0.28523 
1942 0.28405 
1943 0.282884 
1944 0.281735 
1945 0.280603 
1946 0.27949 
1947 0.278397 
1948 0.277325 
1949 0.276275 
1950 0.27525 
1951 0.274249 
1952 0.273273 
1953 0.272321 
1954 0.271393 
1955 0.270488 
1956 0.269606 
1957 0.268746 
1958 0.267907 
1959 0.26709 
1960 0.266294 
1961 0.265518 
1962 0.264762 
1963 0.264025 
1964 0.263306 
1965 0.262607 
1966 0.261925 
1967 0.26126 
1968 0.260612 
1969 0.25998 
1970 0.259364 
1971 0.258764 
1972 0.258178 
1973 0.257606 
1974 0.257048 
1975 0.256504 
1976 0.255972 
1977 0.255452 
1978 0.254943 
1979 0.254446 
1980 0.25396 
1981 0.253483 
1982 0.253016 
1983 0.252558 
1984 0.252108 
1985 0.251666 
1986 0.251231 
1987 0.250803 
1988 0.250382 
1989 0.249966 
1990 0.249555 
1991 0.249148 
1992 0.248746 
1993 0.248347 
1994 0.247951 
1995 0.247557 
1996 0.247165 
1997 0.246775 
1998 0.246384 
1999 0.245994 
2000 0.245603 
