2 956.454 
3 941.287 
4 925.809 
5 911.344 
6 897.314 
7 883.42 
8 869.53 
9 855.075 
10 841.474 
11 827.182 
12 812.935 
13 797.881 
14 783.309 
15 769.317 
16 753.925 
17 738.017 
18 722.932 
19 709.108 
20 695.842 
21 681.743 
22 667.05 
23 652.346 
24 637.939 
25 623.803 
26 609.705 
27 595.812 
28 582.295 
29 569.139 
30 556.123 
31 542.947 
32 529.765 
33 516.832 
34 504.358 
35 492.503 
36 481.366 
37 470.979 
38 461.298 
39 452.197 
40 443.46 
41 434.856 
42 426.423 
43 418.267 
44 410.477 
45 403.129 
46 396.282 
47 389.977 
48 384.233 
49 379.051 
50 374.403 
51 370.261 
52 366.659 
53 363.643 
54 361.25 
55 359.504 
56 358.422 
57 358.006 
58 358.248 
59 359.125 
60 360.6 
61 362.638 
62 365.252 
63 368.468 
64 372.307 
65 376.785 
66 381.912 
67 387.696 
68 394.135 
69 401.226 
70 408.956 
71 417.314 
72 426.305 
73 435.94 
74 446.224 
75 457.161 
76 468.749 
77 480.985 
78 493.862 
79 507.367 
80 521.486 
81 536.203 
82 551.519 
83 567.435 
84 583.953 
85 601.072 
86 618.789 
87 637.1 
88 655.996 
89 675.47 
90 695.51 
91 716.105 
92 737.249 
93 758.937 
94 781.163 
95 803.919 
96 827.197 
97 850.984 
98 875.27 
99 900.041 
100 925.279 
101 950.972 
102 977.111 
103 1003.69 
104 1030.7 
105 1058.13 
106 1085.99 
107 1114.24 
108 1142.9 
109 1171.93 
110 1201.35 
111 1231.12 
112 1261.23 
113 1291.68 
114 1322.45 
115 1353.51 
116 1384.85 
117 1416.46 
118 1448.31 
119 1480.39 
120 1512.67 
121 1545.13 
122 1577.75 
123 1610.54 
124 1643.46 
125 1676.52 
126 1709.69 
127 1742.96 
128 1776.32 
129 1809.76 
130 1843.26 
131 1876.8 
132 1910.38 
133 1943.97 
134 1977.56 
135 2011.13 
136 2044.67 
137 2078.16 
138 2111.58 
139 2144.91 
140 2178.15 
141 2211.26 
142 2244.24 
143 2277.07 
144 2309.73 
145 2342.22 
146 2374.52 
147 2406.62 
148 2438.5 
149 2470.15 
150 2501.55 
151 2532.69 
152 2563.56 
153 2594.14 
154 2624.42 
155 2654.38 
156 2684.01 
157 2713.29 
158 2742.21 
159 2770.76 
160 2798.92 
161 2826.67 
162 2854.02 
163 2880.93 
164 2907.41 
165 2933.44 
166 2959 
167 2984.1 
168 3008.72 
169 3032.84 
170 3056.46 
171 3079.56 
172 3102.15 
173 3124.2 
174 3145.7 
175 3166.66 
176 3187.05 
177 3206.87 
178 3226.11 
179 3244.76 
180 3262.82 
181 3280.27 
182 3297.11 
183 3313.32 
184 3328.91 
185 3343.87 
186 3358.19 
187 3371.87 
188 3384.9 
189 3397.27 
190 3408.99 
191 3420.04 
192 3430.43 
193 3440.14 
194 3449.18 
195 3457.55 
196 3465.23 
197 3472.23 
198 3478.55 
199 3484.18 
200 3489.12 
201 3493.38 
202 3496.94 
203 3499.82 
204 3502.01 
205 3503.5 
206 3504.3 
207 3504.41 
208 3503.83 
209 3502.56 
210 3500.61 
211 3497.96 
212 3494.63 
213 3490.62 
214 3485.94 
215 3480.57 
216 3474.54 
217 3467.84 
218 3460.47 
219 3452.45 
220 3443.78 
221 3434.46 
222 3424.51 
223 3413.92 
224 3402.71 
225 3390.88 
226 3378.44 
227 3365.4 
228 3351.76 
229 3337.54 
230 3322.73 
231 3307.34 
232 3291.38 
233 3274.87 
234 3257.8 
235 3240.18 
236 3222.04 
237 3203.36 
238 3184.17 
239 3164.48 
240 3144.29 
241 3123.62 
242 3102.48 
243 3080.88 
244 3058.83 
245 3036.34 
246 3013.44 
247 2990.13 
248 2966.42 
249 2942.34 
250 2917.9 
251 2893.1 
252 2867.97 
253 2842.51 
254 2816.73 
255 2790.65 
256 2764.27 
257 2737.6 
258 2710.65 
259 2683.44 
260 2655.98 
261 2628.28 
262 2600.35 
263 2572.21 
264 2543.86 
265 2515.32 
266 2486.61 
267 2457.73 
268 2428.71 
269 2399.55 
270 2370.26 
271 2340.88 
272 2311.4 
273 2281.85 
274 2252.24 
275 2222.59 
276 2192.91 
277 2163.21 
278 2133.51 
279 2103.81 
280 2074.14 
281 2044.49 
282 2014.89 
283 1985.33 
284 1955.85 
285 1926.44 
286 1897.12 
287 1867.91 
288 1838.81 
289 1809.84 
290 1781.01 
291 1752.33 
292 1723.83 
293 1695.5 
294 1667.37 
295 1639.45 
296 1611.75 
297 1584.29 
298 1557.08 
299 1530.13 
300 1503.47 
301 1477.09 
302 1451.02 
303 1425.26 
304 1399.81 
305 1374.68 
306 1349.87 
307 1325.39 
308 1301.24 
309 1277.44 
310 1253.98 
311 1230.87 
312 1208.12 
313 1185.73 
314 1163.71 
315 1142.05 
316 1120.78 
317 1099.88 
318 1079.37 
319 1059.24 
320 1039.52 
321 1020.19 
322 1001.26 
323 982.735 
324 964.623 
325 946.925 
326 929.645 
327 912.787 
328 896.354 
329 880.349 
330 864.776 
331 849.638 
332 834.938 
333 820.679 
334 806.864 
335 793.495 
336 780.576 
337 768.107 
338 756.093 
339 744.535 
340 733.435 
341 722.795 
342 712.617 
343 702.903 
344 693.654 
345 684.871 
346 676.557 
347 668.711 
348 661.335 
349 654.43 
350 647.996 
351 642.034 
352 636.543 
353 631.519 
354 626.961 
355 622.865 
356 619.23 
357 616.052 
358 613.328 
359 611.055 
360 609.229 
361 607.845 
362 606.901 
363 606.392 
364 606.312 
365 606.658 
366 607.425 
367 608.607 
368 610.199 
369 612.195 
370 614.59 
371 617.376 
372 620.549 
373 624.101 
374 628.026 
375 632.316 
376 636.964 
377 641.963 
378 647.304 
379 652.98 
380 658.983 
381 665.303 
382 671.932 
383 678.861 
384 686.081 
385 693.582 
386 701.354 
387 709.387 
388 717.67 
389 726.194 
390 734.946 
391 743.917 
392 753.094 
393 762.465 
394 772.019 
395 781.744 
396 791.626 
397 801.653 
398 811.812 
399 822.09 
400 832.472 
401 842.946 
402 853.506 
403 864.148 
404 874.866 
405 885.656 
406 896.513 
407 907.431 
408 918.406 
409 929.433 
410 940.505 
411 951.617 
412 962.764 
413 973.94 
414 985.14 
415 996.356 
416 1007.58 
417 1018.82 
418 1030.05 
419 1041.27 
420 1052.48 
421 1063.67 
422 1074.84 
423 1085.97 
424 1097.05 
425 1108.09 
426 1119.08 
427 1130 
428 1140.86 
429 1151.63 
430 1162.32 
431 1172.92 
432 1183.42 
433 1193.81 
434 1204.08 
435 1214.23 
436 1224.25 
437 1234.12 
438 1243.85 
439 1253.41 
440 1262.81 
441 1272.04 
442 1281.07 
443 1289.92 
444 1298.56 
445 1306.98 
446 1315.19 
447 1323.16 
448 1330.88 
449 1338.36 
450 1345.57 
451 1352.52 
452 1359.19 
453 1365.59 
454 1371.72 
455 1377.57 
456 1383.16 
457 1388.47 
458 1393.51 
459 1398.29 
460 1402.79 
461 1407.03 
462 1410.99 
463 1414.69 
464 1418.13 
465 1421.3 
466 1424.2 
467 1426.84 
468 1429.22 
469 1431.34 
470 1433.2 
471 1434.79 
472 1436.13 
473 1437.22 
474 1438.05 
475 1438.62 
476 1438.95 
477 1439.02 
478 1438.85 
479 1438.43 
480 1437.76 
481 1436.85 
482 1435.7 
483 1434.31 
484 1432.68 
485 1430.82 
486 1428.73 
487 1426.4 
488 1423.85 
489 1421.07 
490 1418.07 
491 1414.84 
492 1411.4 
493 1407.75 
494 1403.88 
495 1399.8 
496 1395.51 
497 1391.02 
498 1386.33 
499 1381.44 
500 1376.36 
501 1371.09 
502 1365.63 
503 1359.99 
504 1354.17 
505 1348.18 
506 1342.03 
507 1335.71 
508 1329.24 
509 1322.63 
510 1315.87 
511 1308.97 
512 1301.95 
513 1294.8 
514 1287.53 
515 1280.15 
516 1272.66 
517 1265.08 
518 1257.4 
519 1249.64 
520 1241.8 
521 1233.89 
522 1225.92 
523 1217.89 
524 1209.8 
525 1201.68 
526 1193.52 
527 1185.34 
528 1177.13 
529 1168.92 
530 1160.7 
531 1152.49 
532 1144.29 
533 1136.11 
534 1127.96 
535 1119.85 
536 1111.79 
537 1103.79 
538 1095.85 
539 1087.99 
540 1080.21 
541 1072.52 
542 1064.93 
543 1057.46 
544 1050.11 
545 1042.89 
546 1035.81 
547 1028.89 
548 1022.12 
549 1015.53 
550 1009.12 
551 1002.91 
552 996.884 
553 991.061 
554 985.438 
555 980.018 
556 974.803 
557 969.795 
558 964.998 
559 960.412 
560 956.042 
561 951.889 
562 947.955 
563 944.243 
564 940.756 
565 937.496 
566 934.465 
567 931.666 
568 929.101 
569 926.773 
570 924.685 
571 922.838 
572 921.235 
573 919.879 
574 918.772 
575 917.916 
576 917.315 
577 916.971 
578 916.886 
579 917.062 
580 917.503 
581 918.211 
582 919.188 
583 920.437 
584 921.96 
585 923.761 
586 925.841 
587 928.203 
588 930.851 
589 933.785 
590 937.01 
591 940.527 
592 944.339 
593 948.449 
594 952.859 
595 957.572 
596 962.591 
597 967.918 
598 973.556 
599 979.507 
600 985.775 
601 992.361 
602 999.261 
603 1006.47 
604 1013.99 
605 1021.81 
606 1029.93 
607 1038.35 
608 1047.06 
609 1056.05 
610 1065.32 
611 1074.87 
612 1084.7 
613 1094.79 
614 1105.14 
615 1115.75 
616 1126.62 
617 1137.73 
618 1149.09 
619 1160.68 
620 1172.51 
621 1184.56 
622 1196.83 
623 1209.32 
624 1222.02 
625 1234.93 
626 1248.03 
627 1261.33 
628 1274.81 
629 1288.48 
630 1302.32 
631 1316.32 
632 1330.49 
633 1344.81 
634 1359.29 
635 1373.9 
636 1388.65 
637 1403.53 
638 1418.53 
639 1433.64 
640 1448.86 
641 1464.18 
642 1479.6 
643 1495.09 
644 1510.67 
645 1526.32 
646 1542.03 
647 1557.79 
648 1573.61 
649 1589.46 
650 1605.34 
651 1621.24 
652 1637.16 
653 1653.1 
654 1669.04 
655 1684.98 
656 1700.92 
657 1716.85 
658 1732.76 
659 1748.65 
660 1764.51 
661 1780.35 
662 1796.14 
663 1811.89 
664 1827.59 
665 1843.23 
666 1858.81 
667 1874.32 
668 1889.76 
669 1905.12 
670 1920.38 
671 1935.56 
672 1950.63 
673 1965.6 
674 1980.45 
675 1995.18 
676 2009.78 
677 2024.25 
678 2038.58 
679 2052.76 
680 2066.79 
681 2080.65 
682 2094.35 
683 2107.86 
684 2121.2 
685 2134.34 
686 2147.28 
687 2160.02 
688 2172.54 
689 2184.84 
690 2196.91 
691 2208.74 
692 2220.33 
693 2231.67 
694 2242.74 
695 2253.55 
696 2264.08 
697 2274.32 
698 2284.27 
699 2293.91 
700 2303.25 
701 2312.26 
702 2320.96 
703 2329.34 
704 2337.39 
705 2345.12 
706 2352.53 
707 2359.61 
708 2366.37 
709 2372.8 
710 2378.9 
711 2384.67 
712 2390.12 
713 2395.23 
714 2400.02 
715 2404.47 
716 2408.59 
717 2412.38 
718 2415.83 
719 2418.95 
720 2421.74 
721 2424.19 
722 2426.3 
723 2428.07 
724 2429.51 
725 2430.61 
726 2431.37 
727 2431.79 
728 2431.88 
729 2431.62 
730 2431.02 
731 2430.08 
732 2428.79 
733 2427.17 
734 2425.2 
735 2422.88 
736 2420.23 
737 2417.23 
738 2413.88 
739 2410.19 
740 2406.15 
741 2401.77 
742 2397.04 
743 2391.97 
744 2386.55 
745 2380.78 
746 2374.66 
747 2368.2 
748 2361.38 
749 2354.22 
750 2346.71 
751 2338.86 
752 2330.66 
753 2322.12 
754 2313.24 
755 2304.04 
756 2294.5 
757 2284.65 
758 2274.48 
759 2264 
760 2253.21 
761 2242.12 
762 2230.73 
763 2219.05 
764 2207.09 
765 2194.84 
766 2182.32 
767 2169.52 
768 2156.47 
769 2143.15 
770 2129.57 
771 2115.75 
772 2101.69 
773 2087.38 
774 2072.85 
775 2058.09 
776 2043.12 
777 2027.92 
778 2012.53 
779 1996.93 
780 1981.14 
781 1965.15 
782 1948.99 
783 1932.65 
784 1916.15 
785 1899.48 
786 1882.65 
787 1865.68 
788 1848.57 
789 1831.32 
790 1813.94 
791 1796.45 
792 1778.84 
793 1761.12 
794 1743.31 
795 1725.4 
796 1707.41 
797 1689.34 
798 1671.21 
799 1653.01 
800 1634.77 
801 1616.47 
802 1598.14 
803 1579.77 
804 1561.37 
805 1542.95 
806 1524.52 
807 1506.07 
808 1487.62 
809 1469.17 
810 1450.73 
811 1432.3 
812 1413.89 
813 1395.51 
814 1377.15 
815 1358.84 
816 1340.57 
817 1322.35 
818 1304.19 
819 1286.1 
820 1268.07 
821 1250.12 
822 1232.26 
823 1214.48 
824 1196.81 
825 1179.24 
826 1161.78 
827 1144.43 
828 1127.22 
829 1110.14 
830 1093.19 
831 1076.4 
832 1059.76 
833 1043.28 
834 1026.97 
835 1010.84 
836 994.892 
837 979.136 
838 963.58 
839 948.231 
840 933.098 
841 918.188 
842 903.509 
843 889.069 
844 874.876 
845 860.938 
846 847.263 
847 833.86 
848 820.737 
849 807.902 
850 795.363 
851 783.128 
852 771.198 
853 759.571 
854 748.247 
855 737.226 
856 726.507 
857 716.088 
858 705.97 
859 696.152 
860 686.632 
861 677.41 
862 668.485 
863 659.856 
864 651.523 
865 643.484 
866 635.738 
867 628.285 
868 621.123 
869 614.252 
870 607.67 
871 601.377 
872 595.371 
873 589.651 
874 584.217 
875 579.066 
876 574.198 
877 569.611 
878 565.304 
879 561.277 
880 557.527 
881 554.054 
882 550.856 
883 547.931 
884 545.279 
885 542.898 
886 540.786 
887 538.942 
888 537.365 
889 536.053 
890 535.004 
891 534.217 
892 533.69 
893 533.422 
894 533.411 
895 533.656 
896 534.154 
897 534.904 
898 535.904 
899 537.152 
900 538.647 
901 540.386 
902 542.366 
903 544.581 
904 547.027 
905 549.698 
906 552.592 
907 555.702 
908 559.023 
909 562.551 
910 566.281 
911 570.208 
912 574.326 
913 578.63 
914 583.116 
915 587.778 
916 592.611 
917 597.608 
918 602.766 
919 608.079 
920 613.54 
921 619.145 
922 624.887 
923 630.762 
924 636.762 
925 642.884 
926 649.12 
927 655.465 
928 661.913 
929 668.457 
930 675.093 
931 681.813 
932 688.612 
933 695.483 
934 702.419 
935 709.416 
936 716.466 
937 723.562 
938 730.699 
939 737.869 
940 745.067 
941 752.285 
942 759.516 
943 766.755 
944 773.993 
945 781.225 
946 788.442 
947 795.639 
948 802.808 
949 809.941 
950 817.033 
951 824.075 
952 831.066 
953 838.003 
954 844.884 
955 851.707 
956 858.471 
957 865.172 
958 871.809 
959 878.379 
960 884.881 
961 891.312 
962 897.67 
963 903.953 
964 910.158 
965 916.284 
966 922.327 
967 928.287 
968 934.16 
969 939.944 
970 945.637 
971 951.237 
972 956.74 
973 962.146 
974 967.451 
975 972.653 
976 977.75 
977 982.739 
978 987.617 
979 992.383 
980 997.034 
981 1001.57 
982 1005.98 
983 1010.27 
984 1014.43 
985 1018.47 
986 1022.38 
987 1026.15 
988 1029.79 
989 1033.29 
990 1036.65 
991 1039.87 
992 1042.94 
993 1045.86 
994 1048.63 
995 1051.24 
996 1053.7 
997 1056 
998 1058.14 
999 1060.11 
1000 1061.91 
1001 1063.54 
1002 1065.01 
1003 1066.3 
1004 1067.43 
1005 1068.38 
1006 1069.17 
1007 1069.8 
1008 1070.26 
1009 1070.55 
1010 1070.68 
1011 1070.65 
1012 1070.45 
1013 1070.1 
1014 1069.58 
1015 1068.91 
1016 1068.07 
1017 1067.08 
1018 1065.93 
1019 1064.63 
1020 1063.17 
1021 1061.56 
1022 1059.79 
1023 1057.87 
1024 1055.81 
1025 1053.59 
1026 1051.22 
1027 1048.71 
1028 1046.04 
1029 1043.24 
1030 1040.29 
1031 1037.19 
1032 1033.95 
1033 1030.58 
1034 1027.06 
1035 1023.4 
1036 1019.6 
1037 1015.67 
1038 1011.61 
1039 1007.4 
1040 1003.07 
1041 998.603 
1042 994.007 
1043 989.281 
1044 984.427 
1045 979.446 
1046 974.34 
1047 969.11 
1048 963.757 
1049 958.283 
1050 952.688 
1051 946.975 
1052 941.147 
1053 935.209 
1054 929.163 
1055 923.014 
1056 916.765 
1057 910.421 
1058 903.987 
1059 897.465 
1060 890.859 
1061 884.175 
1062 877.416 
1063 870.587 
1064 863.691 
1065 856.733 
1066 849.717 
1067 842.648 
1068 835.53 
1069 828.367 
1070 821.163 
1071 813.924 
1072 806.653 
1073 799.356 
1074 792.036 
1075 784.699 
1076 777.349 
1077 769.99 
1078 762.628 
1079 755.266 
1080 747.911 
1081 740.566 
1082 733.237 
1083 725.928 
1084 718.644 
1085 711.391 
1086 704.173 
1087 696.995 
1088 689.862 
1089 682.78 
1090 675.753 
1091 668.787 
1092 661.887 
1093 655.058 
1094 648.305 
1095 641.633 
1096 635.049 
1097 628.557 
1098 622.163 
1099 615.872 
1100 609.689 
1101 603.62 
1102 597.666 
1103 591.829 
1104 586.109 
1105 580.508 
1106 575.026 
1107 569.665 
1108 564.426 
1109 559.31 
1110 554.318 
1111 549.452 
1112 544.712 
1113 540.099 
1114 535.615 
1115 531.261 
1116 527.038 
1117 522.947 
1118 518.989 
1119 515.166 
1120 511.479 
1121 507.928 
1122 504.515 
1123 501.242 
1124 498.108 
1125 495.117 
1126 492.268 
1127 489.563 
1128 487.003 
1129 484.589 
1130 482.323 
1131 480.205 
1132 478.238 
1133 476.422 
1134 474.758 
1135 473.248 
1136 471.892 
1137 470.693 
1138 469.651 
1139 468.768 
1140 468.044 
1141 467.482 
1142 467.082 
1143 466.845 
1144 466.774 
1145 466.868 
1146 467.131 
1147 467.561 
1148 468.162 
1149 468.934 
1150 469.879 
1151 470.997 
1152 472.286 
1153 473.744 
1154 475.367 
1155 477.153 
1156 479.099 
1157 481.203 
1158 483.461 
1159 485.871 
1160 488.429 
1161 491.134 
1162 493.981 
1163 496.968 
1164 500.091 
1165 503.349 
1166 506.738 
1167 510.254 
1168 513.895 
1169 517.658 
1170 521.539 
1171 525.536 
1172 529.645 
1173 533.862 
1174 538.185 
1175 542.611 
1176 547.136 
1177 551.757 
1178 556.47 
1179 561.272 
1180 566.16 
1181 571.131 
1182 576.18 
1183 581.305 
1184 586.502 
1185 591.768 
1186 597.098 
1187 602.49 
1188 607.94 
1189 613.444 
1190 618.998 
1191 624.6 
1192 630.245 
1193 635.929 
1194 641.649 
1195 647.401 
1196 653.182 
1197 658.986 
1198 664.812 
1199 670.654 
1200 676.509 
1201 682.374 
1202 688.245 
1203 694.121 
1204 700 
1205 705.88 
1206 711.758 
1207 717.633 
1208 723.502 
1209 729.363 
1210 735.215 
1211 741.054 
1212 746.88 
1213 752.689 
1214 758.479 
1215 764.249 
1216 769.995 
1217 775.717 
1218 781.41 
1219 787.074 
1220 792.706 
1221 798.303 
1222 803.864 
1223 809.386 
1224 814.866 
1225 820.303 
1226 825.694 
1227 831.036 
1228 836.327 
1229 841.565 
1230 846.747 
1231 851.871 
1232 856.935 
1233 861.935 
1234 866.87 
1235 871.737 
1236 876.534 
1237 881.257 
1238 885.904 
1239 890.474 
1240 894.963 
1241 899.368 
1242 903.688 
1243 907.919 
1244 912.059 
1245 916.105 
1246 920.054 
1247 923.905 
1248 927.653 
1249 931.297 
1250 934.834 
1251 938.261 
1252 941.578 
1253 944.782 
1254 947.874 
1255 950.852 
1256 953.715 
1257 956.463 
1258 959.094 
1259 961.607 
1260 964.002 
1261 966.278 
1262 968.433 
1263 970.466 
1264 972.378 
1265 974.165 
1266 975.829 
1267 977.367 
1268 978.778 
1269 980.063 
1270 981.219 
1271 982.245 
1272 983.141 
1273 983.906 
1274 984.539 
1275 985.038 
1276 985.402 
1277 985.632 
1278 985.724 
1279 985.68 
1280 985.496 
1281 985.173 
1282 984.71 
1283 984.105 
1284 983.357 
1285 982.465 
1286 981.429 
1287 980.247 
1288 978.918 
1289 977.441 
1290 975.814 
1291 974.038 
1292 972.111 
1293 970.031 
1294 967.798 
1295 965.41 
1296 962.867 
1297 960.167 
1298 957.31 
1299 954.294 
1300 951.117 
1301 947.781 
1302 944.286 
1303 940.637 
1304 936.836 
1305 932.887 
1306 928.793 
1307 924.556 
1308 920.181 
1309 915.671 
1310 911.028 
1311 906.256 
1312 901.359 
1313 896.34 
1314 891.202 
1315 885.949 
1316 880.584 
1317 875.11 
1318 869.531 
1319 863.852 
1320 858.074 
1321 852.202 
1322 846.239 
1323 840.188 
1324 834.055 
1325 827.841 
1326 821.551 
1327 815.189 
1328 808.758 
1329 802.261 
1330 795.704 
1331 789.089 
1332 782.42 
1333 775.701 
1334 768.936 
1335 762.129 
1336 755.284 
1337 748.404 
1338 741.494 
1339 734.558 
1340 727.599 
1341 720.622 
1342 713.63 
1343 706.629 
1344 699.621 
1345 692.611 
1346 685.603 
1347 678.602 
1348 671.611 
1349 664.634 
1350 657.677 
1351 650.742 
1352 643.832 
1353 636.948 
1354 630.09 
1355 623.26 
1356 616.459 
1357 609.689 
1358 602.95 
1359 596.244 
1360 589.572 
1361 582.936 
1362 576.336 
1363 569.773 
1364 563.25 
1365 556.767 
1366 550.325 
1367 543.926 
1368 537.572 
1369 531.262 
1370 525 
1371 518.785 
1372 512.619 
1373 506.504 
1374 500.441 
1375 494.431 
1376 488.476 
1377 482.577 
1378 476.734 
1379 470.95 
1380 465.227 
1381 459.564 
1382 453.964 
1383 448.428 
1384 442.957 
1385 437.553 
1386 432.218 
1387 426.951 
1388 421.756 
1389 416.633 
1390 411.584 
1391 406.611 
1392 401.714 
1393 396.895 
1394 392.155 
1395 387.497 
1396 382.921 
1397 378.428 
1398 374.022 
1399 369.702 
1400 365.47 
1401 361.329 
1402 357.277 
1403 353.315 
1404 349.444 
1405 345.663 
1406 341.973 
1407 338.373 
1408 334.865 
1409 331.447 
1410 328.121 
1411 324.886 
1412 321.742 
1413 318.69 
1414 315.73 
1415 312.862 
1416 310.086 
1417 307.402 
1418 304.81 
1419 302.311 
1420 299.904 
1421 297.591 
1422 295.37 
1423 293.242 
1424 291.207 
1425 289.265 
1426 287.417 
1427 285.662 
1428 284.001 
1429 282.434 
1430 280.961 
1431 279.581 
1432 278.296 
1433 277.105 
1434 276.009 
1435 275.007 
1436 274.099 
1437 273.287 
1438 272.569 
1439 271.946 
1440 271.418 
1441 270.986 
1442 270.649 
1443 270.407 
1444 270.261 
1445 270.21 
1446 270.256 
1447 270.397 
1448 270.634 
1449 270.967 
1450 271.397 
1451 271.922 
1452 272.542 
1453 273.253 
1454 274.054 
1455 274.943 
1456 275.918 
1457 276.975 
1458 278.113 
1459 279.331 
1460 280.624 
1461 281.992 
1462 283.431 
1463 284.94 
1464 286.517 
1465 288.158 
1466 289.862 
1467 291.626 
1468 293.447 
1469 295.325 
1470 297.255 
1471 299.236 
1472 301.265 
1473 303.34 
1474 305.458 
1475 307.617 
1476 309.814 
1477 312.047 
1478 314.314 
1479 316.611 
1480 318.937 
1481 321.288 
1482 323.662 
1483 326.057 
1484 328.47 
1485 330.898 
1486 333.339 
1487 335.79 
1488 338.249 
1489 340.712 
1490 343.177 
1491 345.642 
1492 348.103 
1493 350.558 
1494 353.005 
1495 355.439 
1496 357.86 
1497 360.263 
1498 362.647 
1499 365.007 
1500 367.342 
1501 369.649 
1502 371.927 
1503 374.176 
1504 376.395 
1505 378.584 
1506 380.743 
1507 382.87 
1508 384.966 
1509 387.029 
1510 389.061 
1511 391.059 
1512 393.024 
1513 394.956 
1514 396.853 
1515 398.715 
1516 400.542 
1517 402.334 
1518 404.089 
1519 405.808 
1520 407.49 
1521 409.134 
1522 410.74 
1523 412.308 
1524 413.837 
1525 415.326 
1526 416.775 
1527 418.184 
1528 419.553 
1529 420.879 
1530 422.164 
1531 423.407 
1532 424.607 
1533 425.763 
1534 426.875 
1535 427.944 
1536 428.967 
1537 429.945 
1538 430.877 
1539 431.763 
1540 432.602 
1541 433.393 
1542 434.137 
1543 434.832 
1544 435.478 
1545 436.075 
1546 436.622 
1547 437.118 
1548 437.564 
1549 437.958 
1550 438.299 
1551 438.589 
1552 438.825 
1553 439.009 
1554 439.14 
1555 439.218 
1556 439.244 
1557 439.216 
1558 439.136 
1559 439.002 
1560 438.815 
1561 438.575 
1562 438.282 
1563 437.935 
1564 437.535 
1565 437.082 
1566 436.575 
1567 436.014 
1568 435.4 
1569 434.733 
1570 434.011 
1571 433.236 
1572 432.407 
1573 431.524 
1574 430.587 
1575 429.597 
1576 428.552 
1577 427.453 
1578 426.3 
1579 425.093 
1580 423.832 
1581 422.516 
1582 421.147 
1583 419.722 
1584 418.244 
1585 416.711 
1586 415.123 
1587 413.481 
1588 411.784 
1589 410.033 
1590 408.227 
1591 406.366 
1592 404.45 
1593 402.48 
1594 400.455 
1595 398.375 
1596 396.24 
1597 394.05 
1598 391.804 
1599 389.504 
1600 387.149 
1601 384.739 
1602 382.276 
1603 379.761 
1604 377.197 
1605 374.586 
1606 371.928 
1607 369.227 
1608 366.485 
1609 363.702 
1610 360.882 
1611 358.026 
1612 355.136 
1613 352.214 
1614 349.262 
1615 346.282 
1616 343.277 
1617 340.248 
1618 337.197 
1619 334.126 
1620 331.038 
1621 327.934 
1622 324.816 
1623 321.687 
1624 318.549 
1625 315.404 
1626 312.254 
1627 309.101 
1628 305.947 
1629 302.795 
1630 299.646 
1631 296.503 
1632 293.368 
1633 290.243 
1634 287.131 
1635 284.033 
1636 280.952 
1637 277.89 
1638 274.85 
1639 271.833 
1640 268.842 
1641 265.879 
1642 262.947 
1643 260.047 
1644 257.183 
1645 254.356 
1646 251.569 
1647 248.824 
1648 246.123 
1649 243.469 
1650 240.865 
1651 238.312 
1652 235.811 
1653 233.361 
1654 230.964 
1655 228.619 
1656 226.327 
1657 224.087 
1658 221.9 
1659 219.766 
1660 217.685 
1661 215.657 
1662 213.682 
1663 211.761 
1664 209.894 
1665 208.081 
1666 206.321 
1667 204.616 
1668 202.965 
1669 201.369 
1670 199.827 
1671 198.34 
1672 196.908 
1673 195.532 
1674 194.21 
1675 192.944 
1676 191.733 
1677 190.579 
1678 189.48 
1679 188.437 
1680 187.45 
1681 186.52 
1682 185.646 
1683 184.829 
1684 184.069 
1685 183.366 
1686 182.72 
1687 182.132 
1688 181.6 
1689 181.127 
1690 180.711 
1691 180.353 
1692 180.054 
1693 179.812 
1694 179.629 
1695 179.505 
1696 179.439 
1697 179.433 
1698 179.485 
1699 179.596 
1700 179.767 
1701 179.997 
1702 180.286 
1703 180.631 
1704 181.033 
1705 181.489 
1706 181.998 
1707 182.559 
1708 183.171 
1709 183.832 
1710 184.542 
1711 185.298 
1712 186.1 
1713 186.946 
1714 187.835 
1715 188.766 
1716 189.737 
1717 190.747 
1718 191.795 
1719 192.879 
1720 193.998 
1721 195.15 
1722 196.334 
1723 197.55 
1724 198.794 
1725 200.067 
1726 201.367 
1727 202.691 
1728 204.04 
1729 205.41 
1730 206.802 
1731 208.214 
1732 209.643 
1733 211.089 
1734 212.551 
1735 214.026 
1736 215.513 
1737 217.011 
1738 218.519 
1739 220.034 
1740 221.556 
1741 223.083 
1742 224.613 
1743 226.145 
1744 227.677 
1745 229.208 
1746 230.736 
1747 232.26 
1748 233.778 
1749 235.289 
1750 236.791 
1751 238.282 
1752 239.764 
1753 241.235 
1754 242.696 
1755 244.147 
1756 245.588 
1757 247.02 
1758 248.442 
1759 249.855 
1760 251.258 
1761 252.653 
1762 254.039 
1763 255.416 
1764 256.785 
1765 258.145 
1766 259.497 
1767 260.841 
1768 262.178 
1769 263.506 
1770 264.827 
1771 266.14 
1772 267.446 
1773 268.746 
1774 270.038 
1775 271.323 
1776 272.602 
1777 273.875 
1778 275.141 
1779 276.401 
1780 277.655 
1781 278.904 
1782 280.147 
1783 281.384 
1784 282.616 
1785 283.844 
1786 285.066 
1787 286.284 
1788 287.497 
1789 288.706 
1790 289.911 
1791 291.112 
1792 292.309 
1793 293.502 
1794 294.692 
1795 295.879 
1796 297.063 
1797 298.244 
1798 299.422 
1799 300.597 
1800 301.771 
1801 302.942 
1802 304.109 
1803 305.273 
1804 306.43 
1805 307.58 
1806 308.722 
1807 309.855 
1808 310.977 
1809 312.087 
1810 313.184 
1811 314.267 
1812 315.334 
1813 316.383 
1814 317.415 
1815 318.427 
1816 319.418 
1817 320.388 
1818 321.334 
1819 322.255 
1820 323.15 
1821 324.018 
1822 324.857 
1823 325.666 
1824 326.445 
1825 327.19 
1826 327.902 
1827 328.578 
1828 329.218 
1829 329.819 
1830 330.382 
1831 330.904 
1832 331.383 
1833 331.82 
1834 332.211 
1835 332.556 
1836 332.854 
1837 333.102 
1838 333.301 
1839 333.447 
1840 333.54 
1841 333.579 
1842 333.561 
1843 333.486 
1844 333.352 
1845 333.158 
1846 332.902 
1847 332.582 
1848 332.198 
1849 331.748 
1850 331.229 
1851 330.643 
1852 329.988 
1853 329.266 
1854 328.479 
1855 327.627 
1856 326.712 
1857 325.735 
1858 324.697 
1859 323.599 
1860 322.443 
1861 321.23 
1862 319.96 
1863 318.636 
1864 317.258 
1865 315.828 
1866 314.346 
1867 312.815 
1868 311.235 
1869 309.608 
1870 307.935 
1871 306.217 
1872 304.456 
1873 302.652 
1874 300.808 
1875 298.924 
1876 297.001 
1877 295.042 
1878 293.047 
1879 291.017 
1880 288.955 
1881 286.86 
1882 284.736 
1883 282.582 
1884 280.401 
1885 278.193 
1886 275.96 
1887 273.704 
1888 271.426 
1889 269.126 
1890 266.808 
1891 264.471 
1892 262.118 
1893 259.749 
1894 257.367 
1895 254.972 
1896 252.566 
1897 250.151 
1898 247.727 
1899 245.297 
1900 242.862 
1901 240.423 
1902 237.981 
1903 235.536 
1904 233.091 
1905 230.645 
1906 228.2 
1907 225.756 
1908 223.314 
1909 220.875 
1910 218.441 
1911 216.011 
1912 213.586 
1913 211.169 
1914 208.759 
1915 206.357 
1916 203.964 
1917 201.582 
1918 199.21 
1919 196.851 
1920 194.504 
1921 192.172 
1922 189.853 
1923 187.551 
1924 185.265 
1925 182.996 
1926 180.746 
1927 178.515 
1928 176.305 
1929 174.115 
1930 171.948 
1931 169.804 
1932 167.684 
1933 165.589 
1934 163.519 
1935 161.477 
1936 159.463 
1937 157.477 
1938 155.521 
1939 153.597 
1940 151.703 
1941 149.843 
1942 148.016 
1943 146.224 
1944 144.468 
1945 142.749 
1946 141.067 
1947 139.424 
1948 137.821 
1949 136.259 
1950 134.738 
1951 133.26 
1952 131.824 
1953 130.429 
1954 129.075 
1955 127.76 
1956 126.484 
1957 125.246 
1958 124.046 
1959 122.882 
1960 121.753 
1961 120.66 
1962 119.6 
1963 118.573 
1964 117.579 
1965 116.616 
1966 115.684 
1967 114.782 
1968 113.909 
1969 113.064 
1970 112.246 
1971 111.454 
1972 110.689 
1973 109.948 
1974 109.23 
1975 108.536 
1976 107.864 
1977 107.213 
1978 106.582 
1979 105.971 
1980 105.378 
1981 104.803 
1982 104.245 
1983 103.703 
1984 103.175 
1985 102.662 
1986 102.162 
1987 101.674 
1988 101.197 
1989 100.731 
1990 100.274 
1991 99.8263 
1992 99.3858 
1993 98.9519 
1994 98.5237 
1995 98.1004 
1996 97.6808 
1997 97.2642 
1998 96.8494 
1999 96.4356 
2000 96.0219 
