2 13.7468 
3 24.5573 
4 37.288 
5 51.6113 
6 67.2696 
7 84.0463 
8 101.769 
9 120.28 
10 139.454 
11 159.17 
12 179.33 
13 199.834 
14 220.612 
15 241.589 
16 262.682 
17 283.842 
18 305.03 
19 326.201 
20 347.296 
21 368.251 
22 389.036 
23 409.625 
24 429.994 
25 450.11 
26 469.941 
27 489.464 
28 508.663 
29 527.514 
30 545.989 
31 564.061 
32 581.72 
33 598.965 
34 615.792 
35 632.198 
36 648.178 
37 663.724 
38 678.825 
39 693.468 
40 707.633 
41 721.304 
42 734.478 
43 747.161 
44 759.358 
45 771.071 
46 782.303 
47 793.058 
48 803.333 
49 813.13 
50 822.442 
51 831.269 
52 839.616 
53 847.49 
54 854.901 
55 861.854 
56 868.356 
57 874.412 
58 880.027 
59 885.202 
60 889.939 
61 894.238 
62 898.11 
63 901.563 
64 904.609 
65 907.255 
66 909.511 
67 911.384 
68 912.881 
69 914.008 
70 914.769 
71 915.17 
72 915.219 
73 914.928 
74 914.308 
75 913.367 
76 912.114 
77 910.558 
78 908.707 
79 906.566 
80 904.142 
81 901.44 
82 898.471 
83 895.247 
84 891.779 
85 888.077 
86 884.153 
87 880.016 
88 875.676 
89 871.14 
90 866.418 
91 861.516 
92 856.445 
93 851.214 
94 845.831 
95 840.306 
96 834.646 
97 828.858 
98 822.949 
99 816.924 
100 810.788 
101 804.546 
102 798.209 
103 791.787 
104 785.29 
105 778.728 
106 772.112 
107 765.449 
108 758.75 
109 752.022 
110 745.274 
111 738.512 
112 731.744 
113 724.975 
114 718.213 
115 711.462 
116 704.726 
117 698.009 
118 691.315 
119 684.646 
120 678.004 
121 671.391 
122 664.814 
123 658.28 
124 651.797 
125 645.371 
126 639.009 
127 632.717 
128 626.5 
129 620.365 
130 614.315 
131 608.357 
132 602.492 
133 596.726 
134 591.062 
135 585.501 
136 580.047 
137 574.7 
138 569.463 
139 564.335 
140 559.316 
141 554.407 
142 549.612 
143 544.935 
144 540.381 
145 535.952 
146 531.652 
147 527.485 
148 523.453 
149 519.56 
150 515.806 
151 512.194 
152 508.726 
153 505.402 
154 502.223 
155 499.19 
156 496.301 
157 493.558 
158 490.958 
159 488.501 
160 486.185 
161 484.008 
162 481.971 
163 480.076 
164 478.324 
165 476.715 
166 475.251 
167 473.932 
168 472.758 
169 471.729 
170 470.844 
171 470.103 
172 469.505 
173 469.048 
174 468.73 
175 468.551 
176 468.506 
177 468.595 
178 468.813 
179 469.157 
180 469.625 
181 470.211 
182 470.917 
183 471.74 
184 472.681 
185 473.738 
186 474.912 
187 476.199 
188 477.601 
189 479.113 
190 480.736 
191 482.466 
192 484.302 
193 486.241 
194 488.28 
195 490.417 
196 492.648 
197 494.971 
198 497.381 
199 499.875 
200 502.448 
201 505.097 
202 507.82 
203 510.614 
204 513.48 
205 516.413 
206 519.413 
207 522.477 
208 525.603 
209 528.788 
210 532.03 
211 535.325 
212 538.672 
213 542.067 
214 545.506 
215 548.986 
216 552.504 
217 556.056 
218 559.638 
219 563.246 
220 566.876 
221 570.523 
222 574.183 
223 577.851 
224 581.522 
225 585.191 
226 588.854 
227 592.509 
228 596.156 
229 599.793 
230 603.419 
231 607.035 
232 610.638 
233 614.229 
234 617.807 
235 621.369 
236 624.917 
237 628.447 
238 631.961 
239 635.456 
240 638.932 
241 642.387 
242 645.822 
243 649.233 
244 652.622 
245 655.985 
246 659.323 
247 662.634 
248 665.917 
249 669.171 
250 672.395 
251 675.587 
252 678.745 
253 681.866 
254 684.95 
255 687.993 
256 690.993 
257 693.948 
258 696.854 
259 699.711 
260 702.514 
261 705.262 
262 707.951 
263 710.579 
264 713.143 
265 715.64 
266 718.068 
267 720.422 
268 722.701 
269 724.901 
270 727.019 
271 729.052 
272 730.996 
273 732.848 
274 734.605 
275 736.262 
276 737.819 
277 739.274 
278 740.629 
279 741.886 
280 743.045 
281 744.109 
282 745.078 
283 745.955 
284 746.742 
285 747.439 
286 748.049 
287 748.575 
288 749.017 
289 749.378 
290 749.66 
291 749.867 
292 749.999 
293 750.059 
294 750.051 
295 749.976 
296 749.837 
297 749.638 
298 749.381 
299 749.069 
300 748.705 
301 748.292 
302 747.831 
303 747.322 
304 746.765 
305 746.162 
306 745.511 
307 744.814 
308 744.072 
309 743.283 
310 742.45 
311 741.573 
312 740.651 
313 739.686 
314 738.678 
315 737.628 
316 736.536 
317 735.402 
318 734.228 
319 733.014 
320 731.761 
321 730.469 
322 729.139 
323 727.772 
324 726.368 
325 724.929 
326 723.454 
327 721.945 
328 720.403 
329 718.828 
330 717.221 
331 715.583 
332 713.915 
333 712.217 
334 710.492 
335 708.738 
336 706.959 
337 705.154 
338 703.324 
339 701.471 
340 699.595 
341 697.698 
342 695.781 
343 693.844 
344 691.89 
345 689.918 
346 687.931 
347 685.928 
348 683.913 
349 681.885 
350 679.846 
351 677.797 
352 675.74 
353 673.675 
354 671.604 
355 669.527 
356 667.446 
357 665.361 
358 663.275 
359 661.189 
360 659.102 
361 657.017 
362 654.935 
363 652.858 
364 650.786 
365 648.72 
366 646.662 
367 644.614 
368 642.577 
369 640.551 
370 638.539 
371 636.542 
372 634.562 
373 632.598 
374 630.654 
375 628.731 
376 626.83 
377 624.952 
378 623.1 
379 621.274 
380 619.477 
381 617.709 
382 615.973 
383 614.271 
384 612.603 
385 610.971 
386 609.378 
387 607.824 
388 606.312 
389 604.844 
390 603.42 
391 602.044 
392 600.716 
393 599.438 
394 598.213 
395 597.043 
396 595.928 
397 594.872 
398 593.876 
399 592.941 
400 592.071 
401 591.266 
402 590.527 
403 589.855 
404 589.248 
405 588.707 
406 588.232 
407 587.823 
408 587.48 
409 587.202 
410 586.99 
411 586.843 
412 586.761 
413 586.745 
414 586.793 
415 586.906 
416 587.083 
417 587.325 
418 587.63 
419 587.999 
420 588.431 
421 588.925 
422 589.482 
423 590.102 
424 590.783 
425 591.525 
426 592.328 
427 593.191 
428 594.114 
429 595.096 
430 596.137 
431 597.236 
432 598.393 
433 599.607 
434 600.877 
435 602.203 
436 603.583 
437 605.018 
438 606.507 
439 608.048 
440 609.641 
441 611.286 
442 612.981 
443 614.725 
444 616.518 
445 618.359 
446 620.246 
447 622.18 
448 624.158 
449 626.18 
450 628.245 
451 630.352 
452 632.499 
453 634.685 
454 636.908 
455 639.167 
456 641.46 
457 643.785 
458 646.141 
459 648.526 
460 650.939 
461 653.377 
462 655.838 
463 658.322 
464 660.825 
465 663.347 
466 665.884 
467 668.435 
468 670.999 
469 673.572 
470 676.154 
471 678.741 
472 681.331 
473 683.923 
474 686.514 
475 689.102 
476 691.684 
477 694.258 
478 696.822 
479 699.373 
480 701.909 
481 704.427 
482 706.925 
483 709.399 
484 711.849 
485 714.269 
486 716.659 
487 719.016 
488 721.335 
489 723.616 
490 725.854 
491 728.047 
492 730.191 
493 732.285 
494 734.325 
495 736.307 
496 738.229 
497 740.087 
498 741.879 
499 743.6 
500 745.249 
501 746.821 
502 748.317 
503 749.738 
504 751.084 
505 752.355 
506 753.552 
507 754.676 
508 755.728 
509 756.707 
510 757.615 
511 758.453 
512 759.22 
513 759.919 
514 760.549 
515 761.111 
516 761.606 
517 762.036 
518 762.4 
519 762.699 
520 762.936 
521 763.109 
522 763.221 
523 763.272 
524 763.263 
525 763.195 
526 763.07 
527 762.887 
528 762.649 
529 762.356 
530 762.01 
531 761.611 
532 761.16 
533 760.66 
534 760.11 
535 759.512 
536 758.868 
537 758.178 
538 757.444 
539 756.668 
540 755.85 
541 754.991 
542 754.094 
543 753.159 
544 752.188 
545 751.183 
546 750.144 
547 749.074 
548 747.973 
549 746.844 
550 745.688 
551 744.505 
552 743.297 
553 742.063 
554 740.801 
555 739.512 
556 738.195 
557 736.85 
558 735.476 
559 734.072 
560 732.639 
561 731.176 
562 729.681 
563 728.155 
564 726.598 
565 725.008 
566 723.385 
567 721.729 
568 720.039 
569 718.314 
570 716.554 
571 714.759 
572 712.927 
573 711.059 
574 709.153 
575 707.209 
576 705.227 
577 703.206 
578 701.145 
579 699.044 
580 696.902 
581 694.719 
582 692.493 
583 690.225 
584 687.913 
585 685.557 
586 683.157 
587 680.711 
588 678.22 
589 675.682 
590 673.096 
591 670.463 
592 667.781 
593 665.05 
594 662.268 
595 659.437 
596 656.553 
597 653.618 
598 650.63 
599 647.588 
600 644.492 
601 641.341 
602 638.137 
603 634.881 
604 631.576 
605 628.222 
606 624.821 
607 621.376 
608 617.888 
609 614.358 
610 610.789 
611 607.183 
612 603.541 
613 599.866 
614 596.159 
615 592.423 
616 588.658 
617 584.868 
618 581.055 
619 577.219 
620 573.365 
621 569.493 
622 565.606 
623 561.707 
624 557.796 
625 553.877 
626 549.953 
627 546.024 
628 542.093 
629 538.164 
630 534.238 
631 530.317 
632 526.405 
633 522.503 
634 518.614 
635 514.741 
636 510.886 
637 507.052 
638 503.242 
639 499.457 
640 495.701 
641 491.976 
642 488.286 
643 484.633 
644 481.019 
645 477.448 
646 473.922 
647 470.445 
648 467.019 
649 463.647 
650 460.332 
651 457.077 
652 453.881 
653 450.746 
654 447.671 
655 444.655 
656 441.699 
657 438.802 
658 435.964 
659 433.186 
660 430.466 
661 427.805 
662 425.202 
663 422.658 
664 420.172 
665 417.744 
666 415.373 
667 413.06 
668 410.804 
669 408.605 
670 406.463 
671 404.377 
672 402.348 
673 400.374 
674 398.456 
675 396.593 
676 394.785 
677 393.032 
678 391.333 
679 389.688 
680 388.097 
681 386.559 
682 385.074 
683 383.642 
684 382.261 
685 380.933 
686 379.656 
687 378.43 
688 377.254 
689 376.129 
690 375.053 
691 374.027 
692 373.049 
693 372.12 
694 371.238 
695 370.404 
696 369.617 
697 368.876 
698 368.181 
699 367.532 
700 366.927 
701 366.367 
702 365.85 
703 365.376 
704 364.945 
705 364.555 
706 364.206 
707 363.898 
708 363.629 
709 363.399 
710 363.207 
711 363.053 
712 362.935 
713 362.854 
714 362.808 
715 362.796 
716 362.818 
717 362.872 
718 362.959 
719 363.077 
720 363.226 
721 363.403 
722 363.61 
723 363.845 
724 364.106 
725 364.394 
726 364.706 
727 365.043 
728 365.404 
729 365.786 
730 366.19 
731 366.615 
732 367.059 
733 367.522 
734 368.002 
735 368.499 
736 369.011 
737 369.538 
738 370.078 
739 370.63 
740 371.194 
741 371.768 
742 372.351 
743 372.942 
744 373.54 
745 374.144 
746 374.752 
747 375.364 
748 375.978 
749 376.593 
750 377.208 
751 377.822 
752 378.435 
753 379.045 
754 379.653 
755 380.258 
756 380.861 
757 381.46 
758 382.056 
759 382.647 
760 383.235 
761 383.818 
762 384.395 
763 384.968 
764 385.534 
765 386.095 
766 386.649 
767 387.196 
768 387.736 
769 388.269 
770 388.793 
771 389.309 
772 389.817 
773 390.315 
774 390.804 
775 391.283 
776 391.751 
777 392.209 
778 392.656 
779 393.091 
780 393.515 
781 393.925 
782 394.323 
783 394.708 
784 395.08 
785 395.437 
786 395.779 
787 396.107 
788 396.419 
789 396.715 
790 396.995 
791 397.259 
792 397.505 
793 397.733 
794 397.943 
795 398.135 
796 398.307 
797 398.46 
798 398.593 
799 398.705 
800 398.796 
801 398.865 
802 398.913 
803 398.94 
804 398.945 
805 398.927 
806 398.889 
807 398.828 
808 398.746 
809 398.641 
810 398.515 
811 398.366 
812 398.196 
813 398.004 
814 397.789 
815 397.552 
816 397.293 
817 397.012 
818 396.709 
819 396.383 
820 396.035 
821 395.665 
822 395.272 
823 394.857 
824 394.419 
825 393.959 
826 393.476 
827 392.971 
828 392.443 
829 391.893 
830 391.32 
831 390.724 
832 390.106 
833 389.465 
834 388.801 
835 388.114 
836 387.405 
837 386.673 
838 385.918 
839 385.14 
840 384.339 
841 383.515 
842 382.668 
843 381.799 
844 380.906 
845 379.991 
846 379.053 
847 378.091 
848 377.107 
849 376.099 
850 375.069 
851 374.015 
852 372.94 
853 371.843 
854 370.725 
855 369.589 
856 368.433 
857 367.26 
858 366.071 
859 364.865 
860 363.645 
861 362.411 
862 361.164 
863 359.905 
864 358.635 
865 357.355 
866 356.067 
867 354.77 
868 353.467 
869 352.158 
870 350.844 
871 349.526 
872 348.206 
873 346.884 
874 345.562 
875 344.24 
876 342.92 
877 341.603 
878 340.289 
879 338.981 
880 337.679 
881 336.385 
882 335.099 
883 333.823 
884 332.557 
885 331.304 
886 330.064 
887 328.839 
888 327.629 
889 326.436 
890 325.262 
891 324.107 
892 322.973 
893 321.861 
894 320.772 
895 319.708 
896 318.669 
897 317.658 
898 316.676 
899 315.723 
900 314.802 
901 313.913 
902 313.055 
903 312.229 
904 311.433 
905 310.666 
906 309.927 
907 309.215 
908 308.531 
909 307.871 
910 307.237 
911 306.626 
912 306.039 
913 305.473 
914 304.928 
915 304.403 
916 303.897 
917 303.41 
918 302.939 
919 302.485 
920 302.046 
921 301.62 
922 301.208 
923 300.808 
924 300.419 
925 300.04 
926 299.67 
927 299.307 
928 298.951 
929 298.601 
930 298.256 
931 297.914 
932 297.574 
933 297.235 
934 296.896 
935 296.556 
936 296.214 
937 295.869 
938 295.518 
939 295.162 
940 294.799 
941 294.428 
942 294.047 
943 293.655 
944 293.252 
945 292.835 
946 292.404 
947 291.957 
948 291.493 
949 291.011 
950 290.509 
951 289.987 
952 289.445 
953 288.884 
954 288.306 
955 287.712 
956 287.103 
957 286.479 
958 285.844 
959 285.196 
960 284.539 
961 283.873 
962 283.199 
963 282.519 
964 281.833 
965 281.144 
966 280.453 
967 279.76 
968 279.067 
969 278.376 
970 277.688 
971 277.004 
972 276.325 
973 275.654 
974 274.99 
975 274.337 
976 273.694 
977 273.064 
978 272.449 
979 271.848 
980 271.265 
981 270.7 
982 270.154 
983 269.631 
984 269.129 
985 268.653 
986 268.202 
987 267.779 
988 267.384 
989 267.02 
990 266.689 
991 266.391 
992 266.128 
993 265.902 
994 265.714 
995 265.567 
996 265.462 
997 265.4 
998 265.383 
999 265.412 
1000 265.491 
1001 265.618 
1002 265.795 
1003 266.018 
1004 266.287 
1005 266.599 
1006 266.954 
1007 267.349 
1008 267.782 
1009 268.253 
1010 268.759 
1011 269.298 
1012 269.87 
1013 270.472 
1014 271.102 
1015 271.758 
1016 272.439 
1017 273.144 
1018 273.869 
1019 274.614 
1020 275.376 
1021 276.154 
1022 276.946 
1023 277.749 
1024 278.563 
1025 279.384 
1026 280.212 
1027 281.043 
1028 281.876 
1029 282.71 
1030 283.542 
1031 284.37 
1032 285.191 
1033 286.005 
1034 286.809 
1035 287.6 
1036 288.377 
1037 289.138 
1038 289.88 
1039 290.602 
1040 291.301 
1041 291.974 
1042 292.621 
1043 293.238 
1044 293.823 
1045 294.375 
1046 294.89 
1047 295.367 
1048 295.803 
1049 296.196 
1050 296.544 
1051 296.844 
1052 297.098 
1053 297.306 
1054 297.468 
1055 297.587 
1056 297.663 
1057 297.696 
1058 297.689 
1059 297.641 
1060 297.553 
1061 297.428 
1062 297.265 
1063 297.066 
1064 296.832 
1065 296.563 
1066 296.262 
1067 295.928 
1068 295.563 
1069 295.167 
1070 294.743 
1071 294.291 
1072 293.812 
1073 293.307 
1074 292.777 
1075 292.224 
1076 291.649 
1077 291.052 
1078 290.435 
1079 289.798 
1080 289.144 
1081 288.473 
1082 287.787 
1083 287.086 
1084 286.371 
1085 285.645 
1086 284.908 
1087 284.161 
1088 283.406 
1089 282.644 
1090 281.876 
1091 281.103 
1092 280.327 
1093 279.549 
1094 278.77 
1095 277.991 
1096 277.214 
1097 276.44 
1098 275.67 
1099 274.906 
1100 274.149 
1101 273.401 
1102 272.66 
1103 271.926 
1104 271.2 
1105 270.481 
1106 269.768 
1107 269.06 
1108 268.358 
1109 267.661 
1110 266.969 
1111 266.281 
1112 265.596 
1113 264.915 
1114 264.236 
1115 263.56 
1116 262.885 
1117 262.212 
1118 261.54 
1119 260.869 
1120 260.197 
1121 259.525 
1122 258.852 
1123 258.178 
1124 257.501 
1125 256.822 
1126 256.141 
1127 255.456 
1128 254.767 
1129 254.073 
1130 253.375 
1131 252.671 
1132 251.962 
1133 251.246 
1134 250.523 
1135 249.792 
1136 249.054 
1137 248.307 
1138 247.551 
1139 246.785 
1140 246.009 
1141 245.223 
1142 244.425 
1143 243.615 
1144 242.793 
1145 241.958 
1146 241.11 
1147 240.248 
1148 239.371 
1149 238.479 
1150 237.571 
1151 236.647 
1152 235.707 
1153 234.751 
1154 233.781 
1155 232.797 
1156 231.799 
1157 230.788 
1158 229.764 
1159 228.728 
1160 227.681 
1161 226.622 
1162 225.554 
1163 224.475 
1164 223.387 
1165 222.29 
1166 221.185 
1167 220.073 
1168 218.953 
1169 217.827 
1170 216.695 
1171 215.559 
1172 214.417 
1173 213.271 
1174 212.122 
1175 210.97 
1176 209.816 
1177 208.661 
1178 207.504 
1179 206.347 
1180 205.191 
1181 204.035 
1182 202.881 
1183 201.729 
1184 200.58 
1185 199.435 
1186 198.293 
1187 197.157 
1188 196.026 
1189 194.901 
1190 193.783 
1191 192.673 
1192 191.571 
1193 190.478 
1194 189.394 
1195 188.321 
1196 187.259 
1197 186.208 
1198 185.17 
1199 184.145 
1200 183.134 
1201 182.137 
1202 181.155 
1203 180.187 
1204 179.234 
1205 178.296 
1206 177.373 
1207 176.464 
1208 175.571 
1209 174.692 
1210 173.828 
1211 172.979 
1212 172.145 
1213 171.326 
1214 170.522 
1215 169.734 
1216 168.96 
1217 168.202 
1218 167.458 
1219 166.73 
1220 166.018 
1221 165.32 
1222 164.639 
1223 163.972 
1224 163.321 
1225 162.685 
1226 162.065 
1227 161.461 
1228 160.872 
1229 160.298 
1230 159.741 
1231 159.199 
1232 158.672 
1233 158.162 
1234 157.667 
1235 157.188 
1236 156.725 
1237 156.278 
1238 155.847 
1239 155.431 
1240 155.032 
1241 154.649 
1242 154.282 
1243 153.931 
1244 153.596 
1245 153.277 
1246 152.974 
1247 152.688 
1248 152.418 
1249 152.164 
1250 151.926 
1251 151.705 
1252 151.5 
1253 151.309 
1254 151.134 
1255 150.972 
1256 150.825 
1257 150.69 
1258 150.567 
1259 150.457 
1260 150.357 
1261 150.269 
1262 150.19 
1263 150.121 
1264 150.061 
1265 150.009 
1266 149.965 
1267 149.928 
1268 149.897 
1269 149.872 
1270 149.853 
1271 149.838 
1272 149.827 
1273 149.819 
1274 149.814 
1275 149.811 
1276 149.81 
1277 149.809 
1278 149.809 
1279 149.808 
1280 149.805 
1281 149.801 
1282 149.794 
1283 149.785 
1284 149.771 
1285 149.752 
1286 149.729 
1287 149.699 
1288 149.663 
1289 149.619 
1290 149.567 
1291 149.507 
1292 149.437 
1293 149.357 
1294 149.266 
1295 149.163 
1296 149.048 
1297 148.92 
1298 148.778 
1299 148.622 
1300 148.45 
1301 148.262 
1302 148.059 
1303 147.842 
1304 147.611 
1305 147.367 
1306 147.112 
1307 146.845 
1308 146.569 
1309 146.283 
1310 145.989 
1311 145.687 
1312 145.378 
1313 145.064 
1314 144.745 
1315 144.423 
1316 144.097 
1317 143.769 
1318 143.439 
1319 143.11 
1320 142.781 
1321 142.454 
1322 142.13 
1323 141.809 
1324 141.492 
1325 141.181 
1326 140.876 
1327 140.579 
1328 140.289 
1329 140.01 
1330 139.74 
1331 139.482 
1332 139.236 
1333 139.004 
1334 138.785 
1335 138.582 
1336 138.396 
1337 138.227 
1338 138.076 
1339 137.945 
1340 137.834 
1341 137.745 
1342 137.678 
1343 137.635 
1344 137.617 
1345 137.625 
1346 137.659 
1347 137.722 
1348 137.813 
1349 137.935 
1350 138.088 
1351 138.274 
1352 138.49 
1353 138.736 
1354 139.01 
1355 139.311 
1356 139.637 
1357 139.987 
1358 140.36 
1359 140.754 
1360 141.168 
1361 141.6 
1362 142.049 
1363 142.513 
1364 142.991 
1365 143.481 
1366 143.982 
1367 144.492 
1368 145.01 
1369 145.534 
1370 146.063 
1371 146.596 
1372 147.129 
1373 147.663 
1374 148.196 
1375 148.725 
1376 149.249 
1377 149.767 
1378 150.278 
1379 150.778 
1380 151.268 
1381 151.745 
1382 152.207 
1383 152.653 
1384 153.081 
1385 153.49 
1386 153.878 
1387 154.243 
1388 154.583 
1389 154.897 
1390 155.183 
1391 155.439 
1392 155.664 
1393 155.856 
1394 156.013 
1395 156.133 
1396 156.214 
1397 156.255 
1398 156.254 
1399 156.209 
1400 156.118 
1401 155.981 
1402 155.797 
1403 155.568 
1404 155.295 
1405 154.98 
1406 154.623 
1407 154.227 
1408 153.793 
1409 153.321 
1410 152.814 
1411 152.272 
1412 151.697 
1413 151.09 
1414 150.453 
1415 149.787 
1416 149.094 
1417 148.374 
1418 147.629 
1419 146.861 
1420 146.072 
1421 145.261 
1422 144.432 
1423 143.585 
1424 142.722 
1425 141.844 
1426 140.953 
1427 140.051 
1428 139.138 
1429 138.216 
1430 137.288 
1431 136.353 
1432 135.415 
1433 134.473 
1434 133.531 
1435 132.589 
1436 131.649 
1437 130.713 
1438 129.782 
1439 128.858 
1440 127.942 
1441 127.036 
1442 126.141 
1443 125.26 
1444 124.394 
1445 123.544 
1446 122.712 
1447 121.9 
1448 121.11 
1449 120.342 
1450 119.6 
1451 118.883 
1452 118.193 
1453 117.528 
1454 116.888 
1455 116.272 
1456 115.681 
1457 115.113 
1458 114.569 
1459 114.046 
1460 113.546 
1461 113.068 
1462 112.611 
1463 112.174 
1464 111.757 
1465 111.359 
1466 110.981 
1467 110.621 
1468 110.279 
1469 109.954 
1470 109.646 
1471 109.354 
1472 109.078 
1473 108.818 
1474 108.572 
1475 108.34 
1476 108.121 
1477 107.916 
1478 107.723 
1479 107.542 
1480 107.372 
1481 107.213 
1482 107.064 
1483 106.924 
1484 106.794 
1485 106.672 
1486 106.557 
1487 106.45 
1488 106.35 
1489 106.255 
1490 106.166 
1491 106.082 
1492 106.002 
1493 105.925 
1494 105.852 
1495 105.78 
1496 105.711 
1497 105.643 
1498 105.575 
1499 105.506 
1500 105.438 
1501 105.367 
1502 105.296 
1503 105.223 
1504 105.149 
1505 105.073 
1506 104.997 
1507 104.92 
1508 104.842 
1509 104.764 
1510 104.684 
1511 104.604 
1512 104.524 
1513 104.443 
1514 104.362 
1515 104.281 
1516 104.2 
1517 104.118 
1518 104.037 
1519 103.956 
1520 103.875 
1521 103.795 
1522 103.715 
1523 103.636 
1524 103.557 
1525 103.479 
1526 103.402 
1527 103.326 
1528 103.251 
1529 103.177 
1530 103.104 
1531 103.033 
1532 102.963 
1533 102.895 
1534 102.828 
1535 102.763 
1536 102.7 
1537 102.639 
1538 102.581 
1539 102.524 
1540 102.469 
1541 102.417 
1542 102.368 
1543 102.321 
1544 102.277 
1545 102.235 
1546 102.197 
1547 102.161 
1548 102.129 
1549 102.1 
1550 102.074 
1551 102.052 
1552 102.033 
1553 102.017 
1554 102.005 
1555 101.995 
1556 101.988 
1557 101.984 
1558 101.982 
1559 101.983 
1560 101.986 
1561 101.991 
1562 101.998 
1563 102.007 
1564 102.017 
1565 102.029 
1566 102.043 
1567 102.058 
1568 102.074 
1569 102.091 
1570 102.108 
1571 102.127 
1572 102.146 
1573 102.165 
1574 102.185 
1575 102.204 
1576 102.224 
1577 102.243 
1578 102.262 
1579 102.281 
1580 102.298 
1581 102.315 
1582 102.331 
1583 102.346 
1584 102.36 
1585 102.372 
1586 102.382 
1587 102.391 
1588 102.397 
1589 102.402 
1590 102.404 
1591 102.404 
1592 102.402 
1593 102.396 
1594 102.388 
1595 102.377 
1596 102.362 
1597 102.344 
1598 102.322 
1599 102.297 
1600 102.268 
1601 102.234 
1602 102.197 
1603 102.155 
1604 102.109 
1605 102.059 
1606 102.005 
1607 101.946 
1608 101.883 
1609 101.815 
1610 101.743 
1611 101.667 
1612 101.585 
1613 101.5 
1614 101.409 
1615 101.314 
1616 101.215 
1617 101.11 
1618 101.001 
1619 100.886 
1620 100.767 
1621 100.643 
1622 100.514 
1623 100.38 
1624 100.241 
1625 100.096 
1626 99.9469 
1627 99.7921 
1628 99.6322 
1629 99.4669 
1630 99.2962 
1631 99.1201 
1632 98.9386 
1633 98.7516 
1634 98.5591 
1635 98.3609 
1636 98.1572 
1637 97.9477 
1638 97.7325 
1639 97.5116 
1640 97.2848 
1641 97.0521 
1642 96.8136 
1643 96.569 
1644 96.3185 
1645 96.0619 
1646 95.7991 
1647 95.5303 
1648 95.2552 
1649 94.9738 
1650 94.6861 
1651 94.3922 
1652 94.0921 
1653 93.7862 
1654 93.4746 
1655 93.1577 
1656 92.8356 
1657 92.5087 
1658 92.1772 
1659 91.8413 
1660 91.5013 
1661 91.1574 
1662 90.81 
1663 90.4592 
1664 90.1054 
1665 89.7487 
1666 89.3895 
1667 89.0281 
1668 88.6645 
1669 88.2993 
1670 87.9325 
1671 87.5646 
1672 87.1957 
1673 86.8261 
1674 86.4561 
1675 86.086 
1676 85.7161 
1677 85.3466 
1678 84.9778 
1679 84.6099 
1680 84.2434 
1681 83.8784 
1682 83.5152 
1683 83.1541 
1684 82.7955 
1685 82.4395 
1686 82.0865 
1687 81.7368 
1688 81.3907 
1689 81.0484 
1690 80.7102 
1691 80.3766 
1692 80.0476 
1693 79.7237 
1694 79.4051 
1695 79.0922 
1696 78.7852 
1697 78.4845 
1698 78.1903 
1699 77.903 
1700 77.6228 
1701 77.35 
1702 77.0845 
1703 76.826 
1704 76.5743 
1705 76.3292 
1706 76.0905 
1707 75.8579 
1708 75.6312 
1709 75.4101 
1710 75.1945 
1711 74.9841 
1712 74.7786 
1713 74.5779 
1714 74.3818 
1715 74.1898 
1716 74.0019 
1717 73.8178 
1718 73.6372 
1719 73.46 
1720 73.2858 
1721 73.1144 
1722 72.9456 
1723 72.7791 
1724 72.6147 
1725 72.4521 
1726 72.2911 
1727 72.1315 
1728 71.9729 
1729 71.8152 
1730 71.658 
1731 71.5011 
1732 71.3443 
1733 71.1873 
1734 71.0299 
1735 70.8717 
1736 70.7125 
1737 70.5521 
1738 70.3902 
1739 70.2265 
1740 70.0608 
1741 69.8928 
1742 69.7222 
1743 69.5487 
1744 69.3721 
1745 69.1922 
1746 69.0085 
1747 68.821 
1748 68.6292 
1749 68.4329 
1750 68.2319 
1751 68.0259 
1752 67.815 
1753 67.5995 
1754 67.3795 
1755 67.1553 
1756 66.9271 
1757 66.695 
1758 66.4593 
1759 66.2202 
1760 65.9779 
1761 65.7326 
1762 65.4846 
1763 65.2339 
1764 64.9809 
1765 64.7257 
1766 64.4686 
1767 64.2098 
1768 63.9495 
1769 63.688 
1770 63.4253 
1771 63.1618 
1772 62.8977 
1773 62.6333 
1774 62.3686 
1775 62.104 
1776 61.8396 
1777 61.5758 
1778 61.3126 
1779 61.0505 
1780 60.7895 
1781 60.5299 
1782 60.272 
1783 60.016 
1784 59.762 
1785 59.5104 
1786 59.2614 
1787 59.0152 
1788 58.7721 
1789 58.5322 
1790 58.2959 
1791 58.0634 
1792 57.8348 
1793 57.6105 
1794 57.3908 
1795 57.1757 
1796 56.9656 
1797 56.7608 
1798 56.5615 
1799 56.3679 
1800 56.1802 
1801 55.9987 
1802 55.8234 
1803 55.654 
1804 55.4904 
1805 55.3325 
1806 55.1802 
1807 55.0333 
1808 54.8918 
1809 54.7554 
1810 54.624 
1811 54.4975 
1812 54.3758 
1813 54.2586 
1814 54.146 
1815 54.0377 
1816 53.9336 
1817 53.8335 
1818 53.7374 
1819 53.645 
1820 53.5563 
1821 53.471 
1822 53.3891 
1823 53.3104 
1824 53.2347 
1825 53.1619 
1826 53.0919 
1827 53.0246 
1828 52.9596 
1829 52.897 
1830 52.8366 
1831 52.7781 
1832 52.7215 
1833 52.6667 
1834 52.6134 
1835 52.5615 
1836 52.5108 
1837 52.4613 
1838 52.4127 
1839 52.3649 
1840 52.3177 
1841 52.271 
1842 52.2246 
1843 52.1783 
1844 52.1321 
1845 52.0857 
1846 52.039 
1847 51.9918 
1848 51.9439 
1849 51.8953 
1850 51.8456 
1851 51.7949 
1852 51.7431 
1853 51.6902 
1854 51.6364 
1855 51.5816 
1856 51.5258 
1857 51.4693 
1858 51.4119 
1859 51.3537 
1860 51.2949 
1861 51.2354 
1862 51.1752 
1863 51.1145 
1864 51.0533 
1865 50.9916 
1866 50.9295 
1867 50.867 
1868 50.8041 
1869 50.741 
1870 50.6777 
1871 50.6142 
1872 50.5505 
1873 50.4868 
1874 50.4231 
1875 50.3594 
1876 50.2957 
1877 50.2322 
1878 50.1689 
1879 50.1058 
1880 50.043 
1881 49.9805 
1882 49.9184 
1883 49.8568 
1884 49.7956 
1885 49.735 
1886 49.675 
1887 49.6156 
1888 49.5569 
1889 49.499 
1890 49.4419 
1891 49.3857 
1892 49.3304 
1893 49.2761 
1894 49.2228 
1895 49.1706 
1896 49.1195 
1897 49.0697 
1898 49.0211 
1899 48.9738 
1900 48.9278 
1901 48.8833 
1902 48.8402 
1903 48.7984 
1904 48.7579 
1905 48.7186 
1906 48.6806 
1907 48.6437 
1908 48.608 
1909 48.5734 
1910 48.5398 
1911 48.5072 
1912 48.4756 
1913 48.4449 
1914 48.4151 
1915 48.3861 
1916 48.3579 
1917 48.3305 
1918 48.3037 
1919 48.2776 
1920 48.2521 
1921 48.2272 
1922 48.2028 
1923 48.1789 
1924 48.1555 
1925 48.1324 
1926 48.1096 
1927 48.0872 
1928 48.065 
1929 48.043 
1930 48.0212 
1931 47.9995 
1932 47.9778 
1933 47.9562 
1934 47.9345 
1935 47.9128 
1936 47.891 
1937 47.8689 
1938 47.8467 
1939 47.8242 
1940 47.8014 
1941 47.7782 
1942 47.7546 
1943 47.7306 
1944 47.706 
1945 47.6809 
1946 47.6552 
1947 47.6288 
1948 47.6017 
1949 47.5738 
1950 47.5452 
1951 47.5157 
1952 47.4854 
1953 47.4542 
1954 47.4222 
1955 47.3894 
1956 47.3558 
1957 47.3214 
1958 47.2863 
1959 47.2504 
1960 47.2137 
1961 47.1763 
1962 47.1382 
1963 47.0994 
1964 47.0599 
1965 47.0197 
1966 46.9788 
1967 46.9373 
1968 46.8951 
1969 46.8523 
1970 46.8089 
1971 46.7649 
1972 46.7203 
1973 46.6751 
1974 46.6294 
1975 46.5831 
1976 46.5363 
1977 46.4889 
1978 46.4411 
1979 46.3927 
1980 46.3439 
1981 46.2946 
1982 46.2448 
1983 46.1946 
1984 46.144 
1985 46.093 
1986 46.0415 
1987 45.9897 
1988 45.9375 
1989 45.885 
1990 45.8321 
1991 45.7789 
1992 45.7254 
1993 45.6715 
1994 45.6174 
1995 45.5631 
1996 45.5084 
1997 45.4536 
1998 45.3985 
1999 45.3432 
2000 45.2877 
