2 933.228 
3 909.017 
4 880.994 
5 860.986 
6 848.555 
7 842.01 
8 839.964 
9 840.843 
10 845.346 
11 851.394 
12 859.262 
13 867.857 
14 878.117 
15 889.944 
16 901.373 
17 913.037 
18 926.006 
19 940.566 
20 956.015 
21 971.055 
22 985.824 
23 1000.77 
24 1016.1 
25 1031.76 
26 1047.51 
27 1063.46 
28 1079.7 
29 1096.21 
30 1112.75 
31 1129.04 
32 1145.18 
33 1161.38 
34 1177.78 
35 1194.51 
36 1211.63 
37 1229.16 
38 1247.05 
39 1265.18 
40 1283.34 
41 1301.35 
42 1319.21 
43 1337.02 
44 1354.84 
45 1372.73 
46 1390.74 
47 1408.9 
48 1427.22 
49 1445.69 
50 1464.29 
51 1482.99 
52 1501.82 
53 1520.81 
54 1539.99 
55 1559.41 
56 1579.06 
57 1598.95 
58 1619.08 
59 1639.42 
60 1659.95 
61 1680.64 
62 1701.5 
63 1722.55 
64 1743.83 
65 1765.35 
66 1787.11 
67 1809.14 
68 1831.43 
69 1853.97 
70 1876.77 
71 1899.8 
72 1923.09 
73 1946.64 
74 1970.46 
75 1994.56 
76 2018.94 
77 2043.61 
78 2068.55 
79 2093.75 
80 2119.22 
81 2144.92 
82 2170.88 
83 2197.09 
84 2223.58 
85 2250.35 
86 2277.4 
87 2304.75 
88 2332.39 
89 2360.32 
90 2388.55 
91 2417.07 
92 2445.88 
93 2474.99 
94 2504.39 
95 2534.08 
96 2564.05 
97 2594.3 
98 2624.82 
99 2655.61 
100 2686.63 
101 2717.89 
102 2749.39 
103 2781.11 
104 2813.08 
105 2845.27 
106 2877.7 
107 2910.36 
108 2943.25 
109 2976.35 
110 3009.67 
111 3043.2 
112 3076.93 
113 3110.85 
114 3144.95 
115 3179.22 
116 3213.64 
117 3248.2 
118 3282.88 
119 3317.66 
120 3352.53 
121 3387.47 
122 3422.47 
123 3457.51 
124 3492.6 
125 3527.73 
126 3562.88 
127 3598.06 
128 3633.24 
129 3668.42 
130 3703.59 
131 3738.73 
132 3773.84 
133 3808.9 
134 3843.89 
135 3878.81 
136 3913.64 
137 3948.35 
138 3982.94 
139 4017.38 
140 4051.67 
141 4085.77 
142 4119.68 
143 4153.39 
144 4186.89 
145 4220.17 
146 4253.22 
147 4286.02 
148 4318.58 
149 4350.87 
150 4382.88 
151 4414.61 
152 4446.04 
153 4477.16 
154 4507.95 
155 4538.41 
156 4568.51 
157 4598.26 
158 4627.62 
159 4656.59 
160 4685.15 
161 4713.3 
162 4741.01 
163 4768.27 
164 4795.09 
165 4821.44 
166 4847.32 
167 4872.72 
168 4897.63 
169 4922.03 
170 4945.92 
171 4969.29 
172 4992.12 
173 5014.4 
174 5036.13 
175 5057.29 
176 5077.87 
177 5097.87 
178 5117.26 
179 5136.04 
180 5154.2 
181 5171.72 
182 5188.6 
183 5204.83 
184 5220.41 
185 5235.33 
186 5249.59 
187 5263.17 
188 5276.09 
189 5288.32 
190 5299.87 
191 5310.73 
192 5320.89 
193 5330.36 
194 5339.12 
195 5347.17 
196 5354.52 
197 5361.15 
198 5367.06 
199 5372.26 
200 5376.72 
201 5380.46 
202 5383.47 
203 5385.75 
204 5387.3 
205 5388.11 
206 5388.18 
207 5387.52 
208 5386.12 
209 5383.98 
210 5381.1 
211 5377.48 
212 5373.12 
213 5368.02 
214 5362.19 
215 5355.62 
216 5348.31 
217 5340.26 
218 5331.48 
219 5321.97 
220 5311.74 
221 5300.77 
222 5289.08 
223 5276.66 
224 5263.53 
225 5249.68 
226 5235.13 
227 5219.86 
228 5203.91 
229 5187.26 
230 5169.94 
231 5151.95 
232 5133.3 
233 5114.01 
234 5094.08 
235 5073.53 
236 5052.36 
237 5030.59 
238 5008.24 
239 4985.31 
240 4961.82 
241 4937.79 
242 4913.22 
243 4888.14 
244 4862.55 
245 4836.49 
246 4809.95 
247 4782.96 
248 4755.54 
249 4727.71 
250 4699.48 
251 4670.87 
252 4641.89 
253 4612.55 
254 4582.85 
255 4552.81 
256 4522.43 
257 4491.72 
258 4460.69 
259 4429.34 
260 4397.68 
261 4365.73 
262 4333.49 
263 4300.97 
264 4268.18 
265 4235.13 
266 4201.83 
267 4168.28 
268 4134.5 
269 4100.5 
270 4066.28 
271 4031.86 
272 3997.25 
273 3962.45 
274 3927.48 
275 3892.35 
276 3857.07 
277 3821.65 
278 3786.11 
279 3750.46 
280 3714.72 
281 3678.92 
282 3643.05 
283 3607.15 
284 3571.23 
285 3535.3 
286 3499.39 
287 3463.5 
288 3427.67 
289 3391.91 
290 3356.24 
291 3320.67 
292 3285.23 
293 3249.94 
294 3214.81 
295 3179.87 
296 3145.14 
297 3110.64 
298 3076.38 
299 3042.4 
300 3008.72 
301 2975.35 
302 2942.3 
303 2909.58 
304 2877.2 
305 2845.16 
306 2813.48 
307 2782.15 
308 2751.18 
309 2720.58 
310 2690.36 
311 2660.52 
312 2631.07 
313 2602.01 
314 2573.35 
315 2545.09 
316 2517.24 
317 2489.81 
318 2462.8 
319 2436.21 
320 2410.06 
321 2384.34 
322 2359.06 
323 2334.22 
324 2309.83 
325 2285.89 
326 2262.41 
327 2239.39 
328 2216.83 
329 2194.74 
330 2173.13 
331 2151.98 
332 2131.32 
333 2111.13 
334 2091.43 
335 2072.21 
336 2053.48 
337 2035.24 
338 2017.49 
339 2000.24 
340 1983.49 
341 1967.23 
342 1951.47 
343 1936.21 
344 1921.45 
345 1907.2 
346 1893.45 
347 1880.2 
348 1867.45 
349 1855.21 
350 1843.48 
351 1832.24 
352 1821.52 
353 1811.29 
354 1801.56 
355 1792.34 
356 1783.62 
357 1775.4 
358 1767.67 
359 1760.44 
360 1753.71 
361 1747.46 
362 1741.71 
363 1736.45 
364 1731.67 
365 1727.37 
366 1723.55 
367 1720.21 
368 1717.34 
369 1714.93 
370 1712.99 
371 1711.52 
372 1710.49 
373 1709.92 
374 1709.79 
375 1710.11 
376 1710.86 
377 1712.04 
378 1713.64 
379 1715.66 
380 1718.09 
381 1720.93 
382 1724.17 
383 1727.79 
384 1731.8 
385 1736.19 
386 1740.94 
387 1746.06 
388 1751.52 
389 1757.33 
390 1763.47 
391 1769.94 
392 1776.73 
393 1783.82 
394 1791.2 
395 1798.87 
396 1806.82 
397 1815.03 
398 1823.49 
399 1832.2 
400 1841.14 
401 1850.29 
402 1859.66 
403 1869.24 
404 1879.02 
405 1889.01 
406 1899.18 
407 1909.55 
408 1920.09 
409 1930.82 
410 1941.71 
411 1952.77 
412 1963.99 
413 1975.36 
414 1986.88 
415 1998.53 
416 2010.33 
417 2022.24 
418 2034.28 
419 2046.43 
420 2058.68 
421 2071.03 
422 2083.47 
423 2095.99 
424 2108.58 
425 2121.24 
426 2133.96 
427 2146.72 
428 2159.53 
429 2172.37 
430 2185.23 
431 2198.1 
432 2210.98 
433 2223.85 
434 2236.71 
435 2249.54 
436 2262.34 
437 2275.09 
438 2287.79 
439 2300.43 
440 2312.98 
441 2325.46 
442 2337.83 
443 2350.1 
444 2362.24 
445 2374.25 
446 2386.12 
447 2397.84 
448 2409.39 
449 2420.76 
450 2431.93 
451 2442.91 
452 2453.68 
453 2464.23 
454 2474.58 
455 2484.72 
456 2494.63 
457 2504.33 
458 2513.81 
459 2523.06 
460 2532.09 
461 2540.89 
462 2549.46 
463 2557.79 
464 2565.89 
465 2573.75 
466 2581.37 
467 2588.75 
468 2595.88 
469 2602.76 
470 2609.4 
471 2615.78 
472 2621.9 
473 2627.77 
474 2633.38 
475 2638.72 
476 2643.81 
477 2648.62 
478 2653.16 
479 2657.43 
480 2661.43 
481 2665.15 
482 2668.59 
483 2671.74 
484 2674.62 
485 2677.2 
486 2679.5 
487 2681.5 
488 2683.21 
489 2684.63 
490 2685.74 
491 2686.55 
492 2687.06 
493 2687.26 
494 2687.16 
495 2686.74 
496 2686.01 
497 2684.96 
498 2683.59 
499 2681.91 
500 2679.89 
501 2677.56 
502 2674.9 
503 2671.94 
504 2668.66 
505 2665.09 
506 2661.22 
507 2657.07 
508 2652.65 
509 2647.95 
510 2642.99 
511 2637.78 
512 2632.32 
513 2626.62 
514 2620.69 
515 2614.54 
516 2608.18 
517 2601.61 
518 2594.84 
519 2587.9 
520 2580.77 
521 2573.47 
522 2566.02 
523 2558.42 
524 2550.68 
525 2542.81 
526 2534.82 
527 2526.72 
528 2518.53 
529 2510.25 
530 2501.89 
531 2493.47 
532 2484.99 
533 2476.47 
534 2467.92 
535 2459.34 
536 2450.76 
537 2442.19 
538 2433.63 
539 2425.09 
540 2416.6 
541 2408.16 
542 2399.79 
543 2391.5 
544 2383.3 
545 2375.2 
546 2367.23 
547 2359.39 
548 2351.69 
549 2344.16 
550 2336.8 
551 2329.63 
552 2322.65 
553 2315.87 
554 2309.27 
555 2302.87 
556 2296.67 
557 2290.66 
558 2284.85 
559 2279.24 
560 2273.83 
561 2268.62 
562 2263.61 
563 2258.8 
564 2254.2 
565 2249.8 
566 2245.61 
567 2241.62 
568 2237.85 
569 2234.28 
570 2230.92 
571 2227.77 
572 2224.84 
573 2222.11 
574 2219.6 
575 2217.3 
576 2215.22 
577 2213.35 
578 2211.7 
579 2210.27 
580 2209.05 
581 2208.05 
582 2207.28 
583 2206.72 
584 2206.38 
585 2206.27 
586 2206.37 
587 2206.7 
588 2207.26 
589 2208.03 
590 2209.03 
591 2210.26 
592 2211.71 
593 2213.39 
594 2215.3 
595 2217.43 
596 2219.79 
597 2222.38 
598 2225.2 
599 2228.25 
600 2231.52 
601 2235.03 
602 2238.76 
603 2242.73 
604 2246.91 
605 2251.33 
606 2255.96 
607 2260.82 
608 2265.89 
609 2271.18 
610 2276.69 
611 2282.41 
612 2288.34 
613 2294.48 
614 2300.83 
615 2307.39 
616 2314.15 
617 2321.11 
618 2328.27 
619 2335.62 
620 2343.18 
621 2350.92 
622 2358.86 
623 2366.98 
624 2375.29 
625 2383.78 
626 2392.46 
627 2401.31 
628 2410.33 
629 2419.53 
630 2428.9 
631 2438.44 
632 2448.14 
633 2458 
634 2468.02 
635 2478.2 
636 2488.53 
637 2499.01 
638 2509.63 
639 2520.4 
640 2531.31 
641 2542.35 
642 2553.53 
643 2564.84 
644 2576.27 
645 2587.83 
646 2599.51 
647 2611.3 
648 2623.21 
649 2635.23 
650 2647.35 
651 2659.57 
652 2671.88 
653 2684.29 
654 2696.79 
655 2709.36 
656 2722.01 
657 2734.73 
658 2747.51 
659 2760.35 
660 2773.24 
661 2786.18 
662 2799.16 
663 2812.18 
664 2825.23 
665 2838.29 
666 2851.38 
667 2864.47 
668 2877.57 
669 2890.67 
670 2903.76 
671 2916.83 
672 2929.89 
673 2942.91 
674 2955.9 
675 2968.85 
676 2981.75 
677 2994.59 
678 3007.37 
679 3020.09 
680 3032.72 
681 3045.27 
682 3057.73 
683 3070.1 
684 3082.35 
685 3094.49 
686 3106.51 
687 3118.41 
688 3130.16 
689 3141.77 
690 3153.23 
691 3164.52 
692 3175.65 
693 3186.6 
694 3197.37 
695 3207.94 
696 3218.31 
697 3228.46 
698 3238.4 
699 3248.11 
700 3257.59 
701 3266.82 
702 3275.8 
703 3284.53 
704 3293.01 
705 3301.24 
706 3309.2 
707 3316.9 
708 3324.34 
709 3331.51 
710 3338.42 
711 3345.05 
712 3351.41 
713 3357.49 
714 3363.29 
715 3368.81 
716 3374.04 
717 3378.98 
718 3383.64 
719 3388 
720 3392.06 
721 3395.83 
722 3399.29 
723 3402.45 
724 3405.3 
725 3407.84 
726 3410.07 
727 3411.98 
728 3413.57 
729 3414.84 
730 3415.79 
731 3416.41 
732 3416.69 
733 3416.65 
734 3416.27 
735 3415.55 
736 3414.49 
737 3413.08 
738 3411.32 
739 3409.22 
740 3406.76 
741 3403.94 
742 3400.76 
743 3397.22 
744 3393.31 
745 3389.04 
746 3384.39 
747 3379.37 
748 3373.97 
749 3368.19 
750 3362.02 
751 3355.47 
752 3348.53 
753 3341.21 
754 3333.52 
755 3325.46 
756 3317.04 
757 3308.25 
758 3299.11 
759 3289.61 
760 3279.77 
761 3269.58 
762 3259.05 
763 3248.2 
764 3237.01 
765 3225.51 
766 3213.68 
767 3201.55 
768 3189.1 
769 3176.36 
770 3163.32 
771 3149.99 
772 3136.37 
773 3122.47 
774 3108.3 
775 3093.87 
776 3079.17 
777 3064.21 
778 3049.01 
779 3033.56 
780 3017.87 
781 3001.95 
782 2985.81 
783 2969.45 
784 2952.87 
785 2936.09 
786 2919.11 
787 2901.94 
788 2884.58 
789 2867.04 
790 2849.33 
791 2831.46 
792 2813.43 
793 2795.24 
794 2776.92 
795 2758.45 
796 2739.86 
797 2721.15 
798 2702.32 
799 2683.38 
800 2664.35 
801 2645.23 
802 2626.02 
803 2606.73 
804 2587.37 
805 2567.94 
806 2548.45 
807 2528.9 
808 2509.31 
809 2489.68 
810 2470.01 
811 2450.31 
812 2430.59 
813 2410.85 
814 2391.11 
815 2371.36 
816 2351.62 
817 2331.89 
818 2312.17 
819 2292.48 
820 2272.83 
821 2253.21 
822 2233.64 
823 2214.12 
824 2194.67 
825 2175.28 
826 2155.97 
827 2136.74 
828 2117.61 
829 2098.57 
830 2079.64 
831 2060.82 
832 2042.12 
833 2023.56 
834 2005.13 
835 1986.84 
836 1968.71 
837 1950.75 
838 1932.95 
839 1915.33 
840 1897.9 
841 1880.66 
842 1863.63 
843 1846.81 
844 1830.21 
845 1813.84 
846 1797.7 
847 1781.82 
848 1766.19 
849 1750.82 
850 1735.73 
851 1720.92 
852 1706.4 
853 1692.16 
854 1678.21 
855 1664.54 
856 1651.16 
857 1638.08 
858 1625.28 
859 1612.78 
860 1600.56 
861 1588.65 
862 1577.02 
863 1565.7 
864 1554.67 
865 1543.94 
866 1533.5 
867 1523.37 
868 1513.54 
869 1504.01 
870 1494.79 
871 1485.87 
872 1477.25 
873 1468.94 
874 1460.94 
875 1453.24 
876 1445.86 
877 1438.78 
878 1432.02 
879 1425.57 
880 1419.43 
881 1413.6 
882 1408.09 
883 1402.9 
884 1398.02 
885 1393.46 
886 1389.21 
887 1385.29 
888 1381.69 
889 1378.4 
890 1375.44 
891 1372.8 
892 1370.49 
893 1368.5 
894 1366.83 
895 1365.49 
896 1364.48 
897 1363.8 
898 1363.44 
899 1363.41 
900 1363.71 
901 1364.34 
902 1365.3 
903 1366.57 
904 1368.15 
905 1370.03 
906 1372.21 
907 1374.67 
908 1377.4 
909 1380.41 
910 1383.69 
911 1387.21 
912 1390.98 
913 1394.99 
914 1399.24 
915 1403.7 
916 1408.38 
917 1413.26 
918 1418.33 
919 1423.6 
920 1429.04 
921 1434.66 
922 1440.44 
923 1446.36 
924 1452.44 
925 1458.64 
926 1464.97 
927 1471.42 
928 1477.97 
929 1484.62 
930 1491.36 
931 1498.18 
932 1505.06 
933 1512 
934 1518.99 
935 1526.02 
936 1533.07 
937 1540.15 
938 1547.23 
939 1554.31 
940 1561.37 
941 1568.41 
942 1575.42 
943 1582.39 
944 1589.29 
945 1596.13 
946 1602.9 
947 1609.57 
948 1616.15 
949 1622.61 
950 1628.95 
951 1635.16 
952 1641.24 
953 1647.19 
954 1653 
955 1658.69 
956 1664.25 
957 1669.69 
958 1675 
959 1680.19 
960 1685.26 
961 1690.2 
962 1695.03 
963 1699.74 
964 1704.33 
965 1708.81 
966 1713.18 
967 1717.44 
968 1721.58 
969 1725.62 
970 1729.55 
971 1733.38 
972 1737.1 
973 1740.72 
974 1744.24 
975 1747.66 
976 1750.99 
977 1754.22 
978 1757.35 
979 1760.4 
980 1763.35 
981 1766.21 
982 1768.99 
983 1771.69 
984 1774.3 
985 1776.83 
986 1779.28 
987 1781.66 
988 1783.95 
989 1786.18 
990 1788.33 
991 1790.42 
992 1792.43 
993 1794.38 
994 1796.27 
995 1798.09 
996 1799.86 
997 1801.57 
998 1803.22 
999 1804.82 
1000 1806.36 
1001 1807.86 
1002 1809.31 
1003 1810.69 
1004 1812.02 
1005 1813.29 
1006 1814.49 
1007 1815.62 
1008 1816.68 
1009 1817.66 
1010 1818.56 
1011 1819.37 
1012 1820.1 
1013 1820.74 
1014 1821.28 
1015 1821.72 
1016 1822.06 
1017 1822.3 
1018 1822.42 
1019 1822.44 
1020 1822.33 
1021 1822.1 
1022 1821.75 
1023 1821.27 
1024 1820.66 
1025 1819.91 
1026 1819.02 
1027 1817.98 
1028 1816.8 
1029 1815.46 
1030 1813.96 
1031 1812.31 
1032 1810.48 
1033 1808.49 
1034 1806.33 
1035 1803.99 
1036 1801.46 
1037 1798.75 
1038 1795.85 
1039 1792.75 
1040 1789.46 
1041 1785.96 
1042 1782.25 
1043 1778.33 
1044 1774.19 
1045 1769.83 
1046 1765.25 
1047 1760.43 
1048 1755.38 
1049 1750.09 
1050 1744.55 
1051 1738.77 
1052 1732.75 
1053 1726.49 
1054 1720 
1055 1713.29 
1056 1706.37 
1057 1699.24 
1058 1691.9 
1059 1684.38 
1060 1676.67 
1061 1668.79 
1062 1660.73 
1063 1652.51 
1064 1644.13 
1065 1635.61 
1066 1626.94 
1067 1618.15 
1068 1609.23 
1069 1600.19 
1070 1591.04 
1071 1581.8 
1072 1572.46 
1073 1563.03 
1074 1553.53 
1075 1543.97 
1076 1534.34 
1077 1524.66 
1078 1514.93 
1079 1505.18 
1080 1495.39 
1081 1485.59 
1082 1475.79 
1083 1465.98 
1084 1456.18 
1085 1446.4 
1086 1436.64 
1087 1426.92 
1088 1417.25 
1089 1407.63 
1090 1398.07 
1091 1388.58 
1092 1379.18 
1093 1369.87 
1094 1360.66 
1095 1351.56 
1096 1342.58 
1097 1333.73 
1098 1325.02 
1099 1316.46 
1100 1308.05 
1101 1299.82 
1102 1291.75 
1103 1283.85 
1104 1276.12 
1105 1268.56 
1106 1261.16 
1107 1253.94 
1108 1246.88 
1109 1239.99 
1110 1233.27 
1111 1226.71 
1112 1220.32 
1113 1214.1 
1114 1208.05 
1115 1202.16 
1116 1196.44 
1117 1190.88 
1118 1185.49 
1119 1180.27 
1120 1175.21 
1121 1170.32 
1122 1165.59 
1123 1161.03 
1124 1156.63 
1125 1152.39 
1126 1148.32 
1127 1144.41 
1128 1140.67 
1129 1137.09 
1130 1133.67 
1131 1130.41 
1132 1127.31 
1133 1124.38 
1134 1121.61 
1135 1119 
1136 1116.54 
1137 1114.25 
1138 1112.12 
1139 1110.15 
1140 1108.34 
1141 1106.68 
1142 1105.19 
1143 1103.85 
1144 1102.67 
1145 1101.64 
1146 1100.78 
1147 1100.06 
1148 1099.51 
1149 1099.11 
1150 1098.86 
1151 1098.77 
1152 1098.83 
1153 1099.04 
1154 1099.4 
1155 1099.9 
1156 1100.54 
1157 1101.33 
1158 1102.25 
1159 1103.31 
1160 1104.5 
1161 1105.82 
1162 1107.27 
1163 1108.85 
1164 1110.55 
1165 1112.36 
1166 1114.3 
1167 1116.35 
1168 1118.52 
1169 1120.79 
1170 1123.17 
1171 1125.66 
1172 1128.25 
1173 1130.93 
1174 1133.72 
1175 1136.6 
1176 1139.57 
1177 1142.62 
1178 1145.77 
1179 1148.99 
1180 1152.3 
1181 1155.68 
1182 1159.13 
1183 1162.66 
1184 1166.25 
1185 1169.91 
1186 1173.64 
1187 1177.42 
1188 1181.25 
1189 1185.14 
1190 1189.08 
1191 1193.07 
1192 1197.1 
1193 1201.17 
1194 1205.28 
1195 1209.42 
1196 1213.59 
1197 1217.79 
1198 1222.02 
1199 1226.26 
1200 1230.53 
1201 1234.81 
1202 1239.1 
1203 1243.4 
1204 1247.72 
1205 1252.04 
1206 1256.37 
1207 1260.7 
1208 1265.05 
1209 1269.39 
1210 1273.73 
1211 1278.08 
1212 1282.42 
1213 1286.76 
1214 1291.1 
1215 1295.43 
1216 1299.75 
1217 1304.06 
1218 1308.36 
1219 1312.65 
1220 1316.93 
1221 1321.19 
1222 1325.43 
1223 1329.66 
1224 1333.86 
1225 1338.04 
1226 1342.2 
1227 1346.33 
1228 1350.44 
1229 1354.52 
1230 1358.56 
1231 1362.58 
1232 1366.56 
1233 1370.5 
1234 1374.41 
1235 1378.28 
1236 1382.11 
1237 1385.9 
1238 1389.64 
1239 1393.33 
1240 1396.98 
1241 1400.58 
1242 1404.13 
1243 1407.62 
1244 1411.06 
1245 1414.44 
1246 1417.77 
1247 1421.03 
1248 1424.23 
1249 1427.37 
1250 1430.44 
1251 1433.44 
1252 1436.37 
1253 1439.23 
1254 1442.01 
1255 1444.71 
1256 1447.33 
1257 1449.87 
1258 1452.32 
1259 1454.68 
1260 1456.95 
1261 1459.12 
1262 1461.2 
1263 1463.17 
1264 1465.05 
1265 1466.81 
1266 1468.47 
1267 1470.01 
1268 1471.44 
1269 1472.76 
1270 1473.95 
1271 1475.02 
1272 1475.96 
1273 1476.77 
1274 1477.45 
1275 1478 
1276 1478.41 
1277 1478.67 
1278 1478.8 
1279 1478.77 
1280 1478.6 
1281 1478.27 
1282 1477.78 
1283 1477.14 
1284 1476.33 
1285 1475.36 
1286 1474.21 
1287 1472.9 
1288 1471.41 
1289 1469.74 
1290 1467.89 
1291 1465.86 
1292 1463.64 
1293 1461.22 
1294 1458.61 
1295 1455.81 
1296 1452.8 
1297 1449.59 
1298 1446.16 
1299 1442.53 
1300 1438.69 
1301 1434.62 
1302 1430.35 
1303 1425.86 
1304 1421.18 
1305 1416.3 
1306 1411.24 
1307 1405.99 
1308 1400.56 
1309 1394.96 
1310 1389.2 
1311 1383.28 
1312 1377.21 
1313 1370.99 
1314 1364.63 
1315 1358.13 
1316 1351.51 
1317 1344.77 
1318 1337.91 
1319 1330.94 
1320 1323.87 
1321 1316.71 
1322 1309.46 
1323 1302.12 
1324 1294.71 
1325 1287.23 
1326 1279.69 
1327 1272.09 
1328 1264.44 
1329 1256.76 
1330 1249.03 
1331 1241.28 
1332 1233.51 
1333 1225.72 
1334 1217.93 
1335 1210.14 
1336 1202.35 
1337 1194.58 
1338 1186.83 
1339 1179.11 
1340 1171.43 
1341 1163.79 
1342 1156.2 
1343 1148.67 
1344 1141.21 
1345 1133.82 
1346 1126.51 
1347 1119.29 
1348 1112.16 
1349 1105.14 
1350 1098.23 
1351 1091.44 
1352 1084.77 
1353 1078.21 
1354 1071.77 
1355 1065.43 
1356 1059.2 
1357 1053.08 
1358 1047.06 
1359 1041.14 
1360 1035.31 
1361 1029.58 
1362 1023.95 
1363 1018.4 
1364 1012.94 
1365 1007.56 
1366 1002.27 
1367 997.058 
1368 991.92 
1369 986.857 
1370 981.864 
1371 976.94 
1372 972.082 
1373 967.287 
1374 962.551 
1375 957.874 
1376 953.25 
1377 948.679 
1378 944.156 
1379 939.679 
1380 935.245 
1381 930.852 
1382 926.496 
1383 922.174 
1384 917.884 
1385 913.622 
1386 909.385 
1387 905.171 
1388 900.977 
1389 896.798 
1390 892.633 
1391 888.479 
1392 884.331 
1393 880.187 
1394 876.044 
1395 871.899 
1396 867.749 
1397 863.59 
1398 859.419 
1399 855.233 
1400 851.028 
1401 846.803 
1402 842.56 
1403 838.301 
1404 834.031 
1405 829.751 
1406 825.466 
1407 821.178 
1408 816.891 
1409 812.608 
1410 808.332 
1411 804.067 
1412 799.816 
1413 795.583 
1414 791.37 
1415 787.181 
1416 783.019 
1417 778.888 
1418 774.792 
1419 770.734 
1420 766.716 
1421 762.744 
1422 758.819 
1423 754.947 
1424 751.129 
1425 747.371 
1426 743.675 
1427 740.045 
1428 736.485 
1429 732.998 
1430 729.588 
1431 726.259 
1432 723.014 
1433 719.857 
1434 716.792 
1435 713.823 
1436 710.953 
1437 708.186 
1438 705.526 
1439 702.977 
1440 700.543 
1441 698.227 
1442 696.034 
1443 693.967 
1444 692.03 
1445 690.227 
1446 688.563 
1447 687.041 
1448 685.665 
1449 684.439 
1450 683.367 
1451 682.453 
1452 681.693 
1453 681.085 
1454 680.623 
1455 680.306 
1456 680.128 
1457 680.086 
1458 680.177 
1459 680.397 
1460 680.742 
1461 681.207 
1462 681.79 
1463 682.486 
1464 683.291 
1465 684.202 
1466 685.214 
1467 686.324 
1468 687.527 
1469 688.82 
1470 690.198 
1471 691.658 
1472 693.195 
1473 694.805 
1474 696.484 
1475 698.228 
1476 700.033 
1477 701.894 
1478 703.807 
1479 705.769 
1480 707.774 
1481 709.819 
1482 711.898 
1483 714.009 
1484 716.146 
1485 718.304 
1486 720.48 
1487 722.67 
1488 724.868 
1489 727.07 
1490 729.271 
1491 731.468 
1492 733.655 
1493 735.828 
1494 737.982 
1495 740.113 
1496 742.215 
1497 744.285 
1498 746.318 
1499 748.308 
1500 750.251 
1501 752.144 
1502 753.985 
1503 755.775 
1504 757.514 
1505 759.202 
1506 760.841 
1507 762.43 
1508 763.97 
1509 765.461 
1510 766.904 
1511 768.298 
1512 769.644 
1513 770.943 
1514 772.195 
1515 773.4 
1516 774.559 
1517 775.673 
1518 776.74 
1519 777.763 
1520 778.741 
1521 779.674 
1522 780.564 
1523 781.41 
1524 782.213 
1525 782.974 
1526 783.692 
1527 784.368 
1528 785.003 
1529 785.597 
1530 786.151 
1531 786.664 
1532 787.137 
1533 787.572 
1534 787.967 
1535 788.324 
1536 788.643 
1537 788.925 
1538 789.169 
1539 789.377 
1540 789.549 
1541 789.685 
1542 789.786 
1543 789.852 
1544 789.883 
1545 789.881 
1546 789.846 
1547 789.777 
1548 789.677 
1549 789.544 
1550 789.38 
1551 789.184 
1552 788.957 
1553 788.697 
1554 788.404 
1555 788.076 
1556 787.713 
1557 787.314 
1558 786.877 
1559 786.403 
1560 785.89 
1561 785.337 
1562 784.743 
1563 784.108 
1564 783.43 
1565 782.709 
1566 781.944 
1567 781.133 
1568 780.276 
1569 779.372 
1570 778.421 
1571 777.42 
1572 776.369 
1573 775.268 
1574 774.115 
1575 772.909 
1576 771.649 
1577 770.335 
1578 768.965 
1579 767.538 
1580 766.054 
1581 764.511 
1582 762.909 
1583 761.246 
1584 759.522 
1585 757.735 
1586 755.885 
1587 753.97 
1588 751.99 
1589 749.943 
1590 747.828 
1591 745.645 
1592 743.393 
1593 741.069 
1594 738.674 
1595 736.207 
1596 733.665 
1597 731.049 
1598 728.357 
1599 725.588 
1600 722.742 
1601 719.816 
1602 716.814 
1603 713.738 
1604 710.59 
1605 707.372 
1606 704.087 
1607 700.736 
1608 697.324 
1609 693.852 
1610 690.321 
1611 686.736 
1612 683.098 
1613 679.41 
1614 675.674 
1615 671.893 
1616 668.07 
1617 664.206 
1618 660.304 
1619 656.367 
1620 652.398 
1621 648.399 
1622 644.372 
1623 640.321 
1624 636.247 
1625 632.154 
1626 628.044 
1627 623.92 
1628 619.784 
1629 615.639 
1630 611.488 
1631 607.334 
1632 603.178 
1633 599.025 
1634 594.876 
1635 590.735 
1636 586.604 
1637 582.487 
1638 578.384 
1639 574.301 
1640 570.239 
1641 566.201 
1642 562.191 
1643 558.21 
1644 554.263 
1645 550.351 
1646 546.478 
1647 542.646 
1648 538.859 
1649 535.12 
1650 531.431 
1651 527.795 
1652 524.213 
1653 520.686 
1654 517.214 
1655 513.798 
1656 510.438 
1657 507.135 
1658 503.891 
1659 500.704 
1660 497.577 
1661 494.509 
1662 491.501 
1663 488.554 
1664 485.668 
1665 482.845 
1666 480.084 
1667 477.387 
1668 474.754 
1669 472.185 
1670 469.681 
1671 467.244 
1672 464.873 
1673 462.569 
1674 460.334 
1675 458.166 
1676 456.068 
1677 454.04 
1678 452.082 
1679 450.195 
1680 448.381 
1681 446.638 
1682 444.969 
1683 443.374 
1684 441.853 
1685 440.407 
1686 439.038 
1687 437.744 
1688 436.528 
1689 435.39 
1690 434.331 
1691 433.351 
1692 432.45 
1693 431.631 
1694 430.893 
1695 430.236 
1696 429.663 
1697 429.173 
1698 428.767 
1699 428.446 
1700 428.211 
1701 428.062 
1702 427.996 
1703 428.012 
1704 428.107 
1705 428.279 
1706 428.525 
1707 428.844 
1708 429.232 
1709 429.687 
1710 430.206 
1711 430.788 
1712 431.429 
1713 432.128 
1714 432.881 
1715 433.687 
1716 434.542 
1717 435.445 
1718 436.391 
1719 437.38 
1720 438.409 
1721 439.474 
1722 440.573 
1723 441.704 
1724 442.864 
1725 444.05 
1726 445.26 
1727 446.491 
1728 447.741 
1729 449.006 
1730 450.283 
1731 451.572 
1732 452.867 
1733 454.168 
1734 455.47 
1735 456.771 
1736 458.07 
1737 459.361 
1738 460.644 
1739 461.914 
1740 463.17 
1741 464.408 
1742 465.626 
1743 466.82 
1744 467.988 
1745 469.127 
1746 470.234 
1747 471.305 
1748 472.339 
1749 473.332 
1750 474.281 
1751 475.184 
1752 476.042 
1753 476.856 
1754 477.629 
1755 478.36 
1756 479.053 
1757 479.708 
1758 480.327 
1759 480.913 
1760 481.465 
1761 481.987 
1762 482.48 
1763 482.945 
1764 483.384 
1765 483.799 
1766 484.191 
1767 484.562 
1768 484.913 
1769 485.248 
1770 485.566 
1771 485.87 
1772 486.161 
1773 486.442 
1774 486.713 
1775 486.978 
1776 487.236 
1777 487.491 
1778 487.744 
1779 487.997 
1780 488.251 
1781 488.508 
1782 488.77 
1783 489.039 
1784 489.317 
1785 489.605 
1786 489.905 
1787 490.22 
1788 490.551 
1789 490.899 
1790 491.267 
1791 491.656 
1792 492.069 
1793 492.507 
1794 492.973 
1795 493.467 
1796 493.992 
1797 494.551 
1798 495.143 
1799 495.773 
1800 496.441 
1801 497.15 
1802 497.896 
1803 498.678 
1804 499.493 
1805 500.338 
1806 501.212 
1807 502.111 
1808 503.033 
1809 503.975 
1810 504.935 
1811 505.911 
1812 506.899 
1813 507.897 
1814 508.902 
1815 509.912 
1816 510.924 
1817 511.935 
1818 512.943 
1819 513.946 
1820 514.939 
1821 515.921 
1822 516.889 
1823 517.84 
1824 518.772 
1825 519.681 
1826 520.566 
1827 521.422 
1828 522.248 
1829 523.04 
1830 523.796 
1831 524.513 
1832 525.187 
1833 525.818 
1834 526.4 
1835 526.932 
1836 527.41 
1837 527.832 
1838 528.195 
1839 528.496 
1840 528.731 
1841 528.899 
1842 528.995 
1843 529.018 
1844 528.963 
1845 528.829 
1846 528.611 
1847 528.308 
1848 527.915 
1849 527.431 
1850 526.851 
1851 526.174 
1852 525.401 
1853 524.533 
1854 523.573 
1855 522.523 
1856 521.385 
1857 520.161 
1858 518.852 
1859 517.461 
1860 515.99 
1861 514.441 
1862 512.816 
1863 511.117 
1864 509.346 
1865 507.505 
1866 505.597 
1867 503.623 
1868 501.586 
1869 499.488 
1870 497.33 
1871 495.116 
1872 492.847 
1873 490.525 
1874 488.153 
1875 485.732 
1876 483.265 
1877 480.755 
1878 478.203 
1879 475.612 
1880 472.983 
1881 470.32 
1882 467.624 
1883 464.898 
1884 462.143 
1885 459.363 
1886 456.56 
1887 453.735 
1888 450.891 
1889 448.031 
1890 445.157 
1891 442.271 
1892 439.376 
1893 436.473 
1894 433.566 
1895 430.657 
1896 427.747 
1897 424.841 
1898 421.939 
1899 419.044 
1900 416.16 
1901 413.287 
1902 410.427 
1903 407.581 
1904 404.749 
1905 401.93 
1906 399.127 
1907 396.34 
1908 393.569 
1909 390.814 
1910 388.077 
1911 385.357 
1912 382.656 
1913 379.974 
1914 377.311 
1915 374.669 
1916 372.047 
1917 369.446 
1918 366.867 
1919 364.31 
1920 361.777 
1921 359.267 
1922 356.781 
1923 354.32 
1924 351.884 
1925 349.474 
1926 347.091 
1927 344.735 
1928 342.406 
1929 340.106 
1930 337.835 
1931 335.593 
1932 333.381 
1933 331.2 
1934 329.051 
1935 326.933 
1936 324.848 
1937 322.796 
1938 320.778 
1939 318.794 
1940 316.846 
1941 314.933 
1942 313.057 
1943 311.217 
1944 309.415 
1945 307.651 
1946 305.927 
1947 304.241 
1948 302.596 
1949 300.992 
1950 299.429 
1951 297.908 
1952 296.428 
1953 294.989 
1954 293.589 
1955 292.229 
1956 290.907 
1957 289.622 
1958 288.373 
1959 287.161 
1960 285.983 
1961 284.84 
1962 283.73 
1963 282.652 
1964 281.606 
1965 280.591 
1966 279.606 
1967 278.65 
1968 277.723 
1969 276.823 
1970 275.949 
1971 275.102 
1972 274.28 
1973 273.481 
1974 272.706 
1975 271.954 
1976 271.222 
1977 270.512 
1978 269.821 
1979 269.15 
1980 268.496 
1981 267.859 
1982 267.239 
1983 266.634 
1984 266.044 
1985 265.467 
1986 264.902 
1987 264.35 
1988 263.808 
1989 263.277 
1990 262.754 
1991 262.239 
1992 261.732 
1993 261.231 
1994 260.735 
1995 260.243 
1996 259.755 
1997 259.269 
1998 258.785 
1999 258.302 
2000 257.817 
