2 343.772 
3 243.891 
4 187.525 
5 151.837 
6 127.496 
7 110.035 
8 97.059 
9 87.2169 
10 79.5087 
11 73.4159 
12 68.7527 
13 64.9229 
14 61.9393 
15 59.715 
16 57.8207 
17 56.2955 
18 55.2667 
19 54.7402 
20 54.5724 
21 54.5314 
22 54.6052 
23 54.8354 
24 55.2386 
25 55.8015 
26 56.4923 
27 57.3132 
28 58.2662 
29 59.3376 
30 60.4957 
31 61.7022 
32 62.9589 
33 64.2769 
34 65.6647 
35 67.1274 
36 68.6664 
37 70.2788 
38 71.9573 
39 73.6894 
40 75.457 
41 77.2415 
42 79.0411 
43 80.8582 
44 82.6947 
45 84.5517 
46 86.4298 
47 88.3286 
48 90.2467 
49 92.1821 
50 94.1313 
51 96.0909 
52 98.0605 
53 100.04 
54 102.03 
55 104.028 
56 106.035 
57 108.048 
58 110.066 
59 112.085 
60 114.103 
61 116.115 
62 118.123 
63 120.124 
64 122.12 
65 124.109 
66 126.091 
67 128.066 
68 130.032 
69 131.988 
70 133.934 
71 135.868 
72 137.789 
73 139.697 
74 141.592 
75 143.473 
76 145.339 
77 147.19 
78 149.025 
79 150.844 
80 152.644 
81 154.425 
82 156.187 
83 157.929 
84 159.651 
85 161.353 
86 163.035 
87 164.695 
88 166.333 
89 167.95 
90 169.544 
91 171.115 
92 172.662 
93 174.186 
94 175.686 
95 177.162 
96 178.612 
97 180.038 
98 181.439 
99 182.814 
100 184.163 
101 185.485 
102 186.781 
103 188.049 
104 189.292 
105 190.507 
106 191.695 
107 192.856 
108 193.991 
109 195.098 
110 196.178 
111 197.23 
112 198.255 
113 199.253 
114 200.223 
115 201.166 
116 202.08 
117 202.967 
118 203.825 
119 204.655 
120 205.456 
121 206.229 
122 206.973 
123 207.688 
124 208.375 
125 209.033 
126 209.663 
127 210.265 
128 210.839 
129 211.385 
130 211.902 
131 212.392 
132 212.855 
133 213.289 
134 213.696 
135 214.076 
136 214.428 
137 214.754 
138 215.051 
139 215.322 
140 215.566 
141 215.783 
142 215.973 
143 216.136 
144 216.274 
145 216.385 
146 216.47 
147 216.529 
148 216.563 
149 216.571 
150 216.555 
151 216.513 
152 216.447 
153 216.356 
154 216.241 
155 216.102 
156 215.939 
157 215.752 
158 215.541 
159 215.308 
160 215.051 
161 214.771 
162 214.468 
163 214.143 
164 213.796 
165 213.427 
166 213.036 
167 212.624 
168 212.191 
169 211.737 
170 211.263 
171 210.768 
172 210.254 
173 209.72 
174 209.166 
175 208.594 
176 208.002 
177 207.392 
178 206.763 
179 206.117 
180 205.452 
181 204.77 
182 204.071 
183 203.354 
184 202.621 
185 201.872 
186 201.106 
187 200.325 
188 199.528 
189 198.716 
190 197.89 
191 197.048 
192 196.193 
193 195.323 
194 194.44 
195 193.543 
196 192.633 
197 191.71 
198 190.775 
199 189.827 
200 188.868 
201 187.896 
202 186.913 
203 185.918 
204 184.913 
205 183.897 
206 182.871 
207 181.835 
208 180.79 
209 179.734 
210 178.67 
211 177.597 
212 176.516 
213 175.426 
214 174.329 
215 173.224 
216 172.111 
217 170.992 
218 169.865 
219 168.732 
220 167.593 
221 166.447 
222 165.296 
223 164.139 
224 162.977 
225 161.809 
226 160.637 
227 159.46 
228 158.278 
229 157.093 
230 155.903 
231 154.71 
232 153.514 
233 152.315 
234 151.113 
235 149.908 
236 148.702 
237 147.493 
238 146.282 
239 145.07 
240 143.856 
241 142.641 
242 141.426 
243 140.209 
244 138.993 
245 137.775 
246 136.558 
247 135.341 
248 134.124 
249 132.908 
250 131.692 
251 130.476 
252 129.262 
253 128.049 
254 126.838 
255 125.628 
256 124.419 
257 123.213 
258 122.009 
259 120.808 
260 119.609 
261 118.413 
262 117.22 
263 116.031 
264 114.844 
265 113.661 
266 112.482 
267 111.307 
268 110.135 
269 108.968 
270 107.804 
271 106.645 
272 105.491 
273 104.341 
274 103.196 
275 102.056 
276 100.92 
277 99.7897 
278 98.6644 
279 97.5443 
280 96.4297 
281 95.3206 
282 94.2172 
283 93.1196 
284 92.0278 
285 90.942 
286 89.8623 
287 88.7888 
288 87.7215 
289 86.6606 
290 85.606 
291 84.5579 
292 83.5163 
293 82.4813 
294 81.4528 
295 80.4311 
296 79.4159 
297 78.4075 
298 77.4058 
299 76.4107 
300 75.4224 
301 74.4408 
302 73.466 
303 72.4982 
304 71.5374 
305 70.5838 
306 69.6375 
307 68.6986 
308 67.7671 
309 66.8432 
310 65.927 
311 65.0185 
312 64.1178 
313 63.225 
314 62.3403 
315 61.4635 
316 60.5949 
317 59.7344 
318 58.8821 
319 58.0381 
320 57.2024 
321 56.3751 
322 55.5561 
323 54.7455 
324 53.9433 
325 53.1496 
326 52.3643 
327 51.5875 
328 50.8191 
329 50.0592 
330 49.3077 
331 48.5646 
332 47.83 
333 47.1037 
334 46.3857 
335 45.676 
336 44.9746 
337 44.2814 
338 43.5963 
339 42.9193 
340 42.2503 
341 41.5892 
342 40.936 
343 40.2905 
344 39.6527 
345 39.0225 
346 38.3997 
347 37.7842 
348 37.1759 
349 36.5747 
350 35.9805 
351 35.3931 
352 34.8125 
353 34.2388 
354 33.672 
355 33.1121 
356 32.5592 
357 32.0132 
358 31.4741 
359 30.9421 
360 30.4171 
361 29.899 
362 29.388 
363 28.884 
364 28.387 
365 27.897 
366 27.414 
367 26.938 
368 26.4689 
369 26.0068 
370 25.5516 
371 25.1033 
372 24.6619 
373 24.2273 
374 23.7995 
375 23.3785 
376 22.9642 
377 22.5566 
378 22.1556 
379 21.7611 
380 21.3732 
381 20.9917 
382 20.6166 
383 20.2478 
384 19.8853 
385 19.5289 
386 19.1786 
387 18.8343 
388 18.4959 
389 18.1634 
390 17.8366 
391 17.5154 
392 17.1997 
393 16.8895 
394 16.5845 
395 16.2848 
396 15.9901 
397 15.7004 
398 15.4155 
399 15.1352 
400 14.8595 
401 14.5883 
402 14.3214 
403 14.0589 
404 13.8009 
405 13.5471 
406 13.2978 
407 13.0528 
408 12.8121 
409 12.5758 
410 12.3437 
411 12.1159 
412 11.8924 
413 11.6731 
414 11.458 
415 11.247 
416 11.0403 
417 10.8376 
418 10.639 
419 10.4445 
420 10.254 
421 10.0675 
422 9.88488 
423 9.70618 
424 9.53132 
425 9.36028 
426 9.19299 
427 9.02941 
428 8.86948 
429 8.71317 
430 8.5604 
431 8.41112 
432 8.26528 
433 8.12281 
434 7.98366 
435 7.84774 
436 7.71501 
437 7.58538 
438 7.4588 
439 7.33517 
440 7.21444 
441 7.09652 
442 6.98134 
443 6.86881 
444 6.75884 
445 6.65136 
446 6.54628 
447 6.4435 
448 6.34293 
449 6.24449 
450 6.14806 
451 6.05358 
452 5.961 
453 5.87034 
454 5.78157 
455 5.69469 
456 5.60968 
457 5.52653 
458 5.44523 
459 5.36578 
460 5.28814 
461 5.21232 
462 5.13829 
463 5.06604 
464 4.99556 
465 4.92682 
466 4.85981 
467 4.79451 
468 4.73091 
469 4.66897 
470 4.60869 
471 4.55004 
472 4.49301 
473 4.43756 
474 4.38367 
475 4.33132 
476 4.2805 
477 4.23116 
478 4.18329 
479 4.13686 
480 4.09184 
481 4.0482 
482 4.00592 
483 3.96497 
484 3.92531 
485 3.88691 
486 3.84975 
487 3.81379 
488 3.779 
489 3.74534 
490 3.71277 
491 3.68127 
492 3.6508 
493 3.62132 
494 3.59278 
495 3.56516 
496 3.53842 
497 3.5125 
498 3.48738 
499 3.46301 
500 3.43934 
501 3.41635 
502 3.39402 
503 3.37234 
504 3.35132 
505 3.33096 
506 3.31124 
507 3.29216 
508 3.27373 
509 3.25594 
510 3.23878 
511 3.22226 
512 3.20636 
513 3.19108 
514 3.17641 
515 3.16236 
516 3.14892 
517 3.13608 
518 3.12384 
519 3.11218 
520 3.10112 
521 3.09063 
522 3.08072 
523 3.07137 
524 3.06259 
525 3.05436 
526 3.04668 
527 3.03954 
528 3.03293 
529 3.02685 
530 3.02129 
531 3.01624 
532 3.0117 
533 3.00765 
534 3.00409 
535 3.001 
536 2.99839 
537 2.99624 
538 2.99454 
539 2.99328 
540 2.99246 
541 2.99206 
542 2.99207 
543 2.99249 
544 2.9933 
545 2.9945 
546 2.99606 
547 2.99799 
548 3.00028 
549 3.0029 
550 3.00584 
551 3.00911 
552 3.01269 
553 3.01659 
554 3.0208 
555 3.02532 
556 3.03016 
557 3.03531 
558 3.04077 
559 3.04654 
560 3.05261 
561 3.059 
562 3.06569 
563 3.07268 
564 3.07998 
565 3.08758 
566 3.09548 
567 3.10368 
568 3.11217 
569 3.12097 
570 3.13006 
571 3.13944 
572 3.14911 
573 3.15907 
574 3.16932 
575 3.17986 
576 3.19067 
577 3.20177 
578 3.21315 
579 3.22481 
580 3.23674 
581 3.24895 
582 3.26143 
583 3.27417 
584 3.28718 
585 3.30046 
586 3.31399 
587 3.32778 
588 3.34183 
589 3.35614 
590 3.37069 
591 3.38549 
592 3.40053 
593 3.41582 
594 3.43135 
595 3.44711 
596 3.4631 
597 3.47932 
598 3.49577 
599 3.51244 
600 3.52933 
601 3.54644 
602 3.56376 
603 3.58128 
604 3.59902 
605 3.61695 
606 3.63509 
607 3.65342 
608 3.67194 
609 3.69066 
610 3.70955 
611 3.72863 
612 3.74789 
613 3.76731 
614 3.78691 
615 3.80668 
616 3.8266 
617 3.84668 
618 3.86692 
619 3.8873 
620 3.90783 
621 3.9285 
622 3.94931 
623 3.97024 
624 3.99131 
625 4.01249 
626 4.03379 
627 4.05521 
628 4.07673 
629 4.09836 
630 4.12008 
631 4.1419 
632 4.1638 
633 4.18579 
634 4.20785 
635 4.22999 
636 4.25219 
637 4.27445 
638 4.29677 
639 4.31914 
640 4.34156 
641 4.36401 
642 4.38649 
643 4.40901 
644 4.43154 
645 4.45409 
646 4.47665 
647 4.49921 
648 4.52176 
649 4.54431 
650 4.56684 
651 4.58935 
652 4.61183 
653 4.63428 
654 4.6567 
655 4.67907 
656 4.7014 
657 4.72367 
658 4.7459 
659 4.76806 
660 4.79015 
661 4.81218 
662 4.83413 
663 4.856 
664 4.87778 
665 4.89948 
666 4.92107 
667 4.94257 
668 4.96396 
669 4.98523 
670 5.00639 
671 5.02743 
672 5.04833 
673 5.06911 
674 5.08974 
675 5.11022 
676 5.13056 
677 5.15074 
678 5.17075 
679 5.19059 
680 5.21026 
681 5.22975 
682 5.24905 
683 5.26815 
684 5.28706 
685 5.30576 
686 5.32425 
687 5.34252 
688 5.36056 
689 5.37837 
690 5.39594 
691 5.41327 
692 5.43034 
693 5.44716 
694 5.46371 
695 5.47999 
696 5.49599 
697 5.51171 
698 5.52713 
699 5.54225 
700 5.55706 
701 5.57156 
702 5.58575 
703 5.59961 
704 5.61316 
705 5.62638 
706 5.63928 
707 5.65185 
708 5.66409 
709 5.67599 
710 5.68757 
711 5.69881 
712 5.70971 
713 5.72027 
714 5.73049 
715 5.74037 
716 5.7499 
717 5.75908 
718 5.76791 
719 5.77638 
720 5.7845 
721 5.79227 
722 5.79968 
723 5.80672 
724 5.8134 
725 5.81972 
726 5.82567 
727 5.83124 
728 5.83645 
729 5.84128 
730 5.84574 
731 5.84982 
732 5.85351 
733 5.85683 
734 5.85976 
735 5.8623 
736 5.86446 
737 5.86622 
738 5.86759 
739 5.86857 
740 5.86914 
741 5.86932 
742 5.8691 
743 5.86847 
744 5.86744 
745 5.866 
746 5.86415 
747 5.86189 
748 5.85921 
749 5.85612 
750 5.85261 
751 5.84867 
752 5.84432 
753 5.83956 
754 5.83438 
755 5.82878 
756 5.82278 
757 5.81636 
758 5.80954 
759 5.80231 
760 5.79468 
761 5.78665 
762 5.77822 
763 5.7694 
764 5.76018 
765 5.75057 
766 5.74058 
767 5.73019 
768 5.71942 
769 5.70827 
770 5.69674 
771 5.68484 
772 5.67256 
773 5.65991 
774 5.6469 
775 5.63352 
776 5.61977 
777 5.60567 
778 5.59121 
779 5.5764 
780 5.56124 
781 5.54573 
782 5.52987 
783 5.51368 
784 5.49715 
785 5.48028 
786 5.46309 
787 5.44556 
788 5.42771 
789 5.40955 
790 5.39106 
791 5.37226 
792 5.35316 
793 5.33374 
794 5.31403 
795 5.29401 
796 5.2737 
797 5.2531 
798 5.23222 
799 5.21105 
800 5.1896 
801 5.16788 
802 5.14589 
803 5.12363 
804 5.10111 
805 5.07833 
806 5.0553 
807 5.03201 
808 5.00848 
809 4.9847 
810 4.96069 
811 4.93645 
812 4.91197 
813 4.88727 
814 4.86235 
815 4.83721 
816 4.81187 
817 4.78631 
818 4.76055 
819 4.7346 
820 4.70845 
821 4.68212 
822 4.6556 
823 4.6289 
824 4.60203 
825 4.57499 
826 4.54779 
827 4.52043 
828 4.49292 
829 4.46526 
830 4.43746 
831 4.40952 
832 4.38145 
833 4.35325 
834 4.32493 
835 4.2965 
836 4.26795 
837 4.23931 
838 4.21056 
839 4.18172 
840 4.1528 
841 4.12379 
842 4.09471 
843 4.06556 
844 4.03635 
845 4.00708 
846 3.97776 
847 3.94839 
848 3.91899 
849 3.88955 
850 3.86009 
851 3.83061 
852 3.80111 
853 3.7716 
854 3.74208 
855 3.71256 
856 3.68303 
857 3.6535 
858 3.62397 
859 3.59446 
860 3.56495 
861 3.53546 
862 3.50599 
863 3.47654 
864 3.44711 
865 3.41771 
866 3.38835 
867 3.35902 
868 3.32973 
869 3.30048 
870 3.27128 
871 3.24213 
872 3.21304 
873 3.18401 
874 3.15503 
875 3.12613 
876 3.09729 
877 3.06853 
878 3.03984 
879 3.01124 
880 2.98272 
881 2.9543 
882 2.92597 
883 2.89773 
884 2.8696 
885 2.84158 
886 2.81366 
887 2.78586 
888 2.75818 
889 2.73063 
890 2.7032 
891 2.6759 
892 2.64874 
893 2.62172 
894 2.59485 
895 2.56812 
896 2.54155 
897 2.51514 
898 2.48889 
899 2.46281 
900 2.4369 
901 2.41117 
902 2.38561 
903 2.36024 
904 2.33504 
905 2.31002 
906 2.28518 
907 2.26052 
908 2.23605 
909 2.21175 
910 2.18764 
911 2.16371 
912 2.13996 
913 2.1164 
914 2.09302 
915 2.06982 
916 2.04681 
917 2.02399 
918 2.00135 
919 1.9789 
920 1.95664 
921 1.93457 
922 1.91268 
923 1.89098 
924 1.86947 
925 1.84816 
926 1.82703 
927 1.80609 
928 1.78534 
929 1.76479 
930 1.74443 
931 1.72426 
932 1.70428 
933 1.68449 
934 1.6649 
935 1.6455 
936 1.6263 
937 1.60729 
938 1.58848 
939 1.56986 
940 1.55144 
941 1.53321 
942 1.51518 
943 1.49735 
944 1.47971 
945 1.46227 
946 1.44503 
947 1.42799 
948 1.41114 
949 1.3945 
950 1.37805 
951 1.3618 
952 1.34575 
953 1.3299 
954 1.31424 
955 1.29878 
956 1.28351 
957 1.26844 
958 1.25357 
959 1.23888 
960 1.22439 
961 1.21008 
962 1.19597 
963 1.18204 
964 1.1683 
965 1.15475 
966 1.14139 
967 1.1282 
968 1.11521 
969 1.10239 
970 1.08976 
971 1.0773 
972 1.06503 
973 1.05293 
974 1.04101 
975 1.02927 
976 1.0177 
977 1.0063 
978 0.99508 
979 0.984026 
980 0.973143 
981 0.962427 
982 0.951879 
983 0.941496 
984 0.931277 
985 0.921222 
986 0.911328 
987 0.901594 
988 0.892019 
989 0.882602 
990 0.87334 
991 0.864233 
992 0.855279 
993 0.846476 
994 0.837824 
995 0.829319 
996 0.820962 
997 0.81275 
998 0.804682 
999 0.796756 
1000 0.78897 
1001 0.781323 
1002 0.773814 
1003 0.766442 
1004 0.759205 
1005 0.752102 
1006 0.745132 
1007 0.738295 
1008 0.731588 
1009 0.725011 
1010 0.718562 
1011 0.71224 
1012 0.706044 
1013 0.699973 
1014 0.694025 
1015 0.6882 
1016 0.682494 
1017 0.676909 
1018 0.671441 
1019 0.66609 
1020 0.660854 
1021 0.655733 
1022 0.650723 
1023 0.645825 
1024 0.641037 
1025 0.636357 
1026 0.631783 
1027 0.627315 
1028 0.622951 
1029 0.618689 
1030 0.614527 
1031 0.610465 
1032 0.606501 
1033 0.602632 
1034 0.598858 
1035 0.595177 
1036 0.591587 
1037 0.588087 
1038 0.584675 
1039 0.581349 
1040 0.578107 
1041 0.574948 
1042 0.571871 
1043 0.568873 
1044 0.565953 
1045 0.563108 
1046 0.560338 
1047 0.55764 
1048 0.555012 
1049 0.552453 
1050 0.549961 
1051 0.547534 
1052 0.545172 
1053 0.542873 
1054 0.540639 
1055 0.538469 
1056 0.536361 
1057 0.534316 
1058 0.532334 
1059 0.530414 
1060 0.528556 
1061 0.526759 
1062 0.525023 
1063 0.523347 
1064 0.521732 
1065 0.520176 
1066 0.518679 
1067 0.517242 
1068 0.515863 
1069 0.514542 
1070 0.513279 
1071 0.512073 
1072 0.510924 
1073 0.509831 
1074 0.508794 
1075 0.507812 
1076 0.506885 
1077 0.506013 
1078 0.505195 
1079 0.50443 
1080 0.503719 
1081 0.50306 
1082 0.502453 
1083 0.501897 
1084 0.501393 
1085 0.500939 
1086 0.500536 
1087 0.500182 
1088 0.499877 
1089 0.49962 
1090 0.499411 
1091 0.49925 
1092 0.499136 
1093 0.499068 
1094 0.499045 
1095 0.499068 
1096 0.499136 
1097 0.499247 
1098 0.499402 
1099 0.4996 
1100 0.49984 
1101 0.500122 
1102 0.500445 
1103 0.50081 
1104 0.501216 
1105 0.501662 
1106 0.502149 
1107 0.502677 
1108 0.503245 
1109 0.503852 
1110 0.504499 
1111 0.505186 
1112 0.505912 
1113 0.506677 
1114 0.507481 
1115 0.508323 
1116 0.509204 
1117 0.510122 
1118 0.511078 
1119 0.512072 
1120 0.513103 
1121 0.514171 
1122 0.515275 
1123 0.516416 
1124 0.517594 
1125 0.518807 
1126 0.520055 
1127 0.521339 
1128 0.522658 
1129 0.524012 
1130 0.5254 
1131 0.526822 
1132 0.528278 
1133 0.529768 
1134 0.531291 
1135 0.532847 
1136 0.534436 
1137 0.536057 
1138 0.53771 
1139 0.539394 
1140 0.54111 
1141 0.542857 
1142 0.544635 
1143 0.546443 
1144 0.548282 
1145 0.55015 
1146 0.552047 
1147 0.553974 
1148 0.555929 
1149 0.557913 
1150 0.559924 
1151 0.561964 
1152 0.56403 
1153 0.566123 
1154 0.568242 
1155 0.570387 
1156 0.572557 
1157 0.574751 
1158 0.57697 
1159 0.579212 
1160 0.581477 
1161 0.583764 
1162 0.586074 
1163 0.588405 
1164 0.590756 
1165 0.593128 
1166 0.595519 
1167 0.59793 
1168 0.600359 
1169 0.602806 
1170 0.60527 
1171 0.607752 
1172 0.610249 
1173 0.612762 
1174 0.61529 
1175 0.617833 
1176 0.620389 
1177 0.622959 
1178 0.625541 
1179 0.628135 
1180 0.630741 
1181 0.633357 
1182 0.635984 
1183 0.638619 
1184 0.641264 
1185 0.643917 
1186 0.646577 
1187 0.649245 
1188 0.651918 
1189 0.654597 
1190 0.657281 
1191 0.659969 
1192 0.662661 
1193 0.665356 
1194 0.668052 
1195 0.670751 
1196 0.67345 
1197 0.676149 
1198 0.678847 
1199 0.681544 
1200 0.68424 
1201 0.686932 
1202 0.689621 
1203 0.692307 
1204 0.694989 
1205 0.697666 
1206 0.700338 
1207 0.703004 
1208 0.705665 
1209 0.708319 
1210 0.710967 
1211 0.713607 
1212 0.71624 
1213 0.718864 
1214 0.721479 
1215 0.724085 
1216 0.726682 
1217 0.729268 
1218 0.731844 
1219 0.734408 
1220 0.736961 
1221 0.739502 
1222 0.74203 
1223 0.744545 
1224 0.747046 
1225 0.749534 
1226 0.752006 
1227 0.754463 
1228 0.756905 
1229 0.75933 
1230 0.761739 
1231 0.76413 
1232 0.766503 
1233 0.768858 
1234 0.771195 
1235 0.773512 
1236 0.775808 
1237 0.778085 
1238 0.78034 
1239 0.782574 
1240 0.784785 
1241 0.786974 
1242 0.78914 
1243 0.791282 
1244 0.793399 
1245 0.795492 
1246 0.797559 
1247 0.799599 
1248 0.801614 
1249 0.8036 
1250 0.80556 
1251 0.80749 
1252 0.809392 
1253 0.811264 
1254 0.813107 
1255 0.814919 
1256 0.816701 
1257 0.818452 
1258 0.820171 
1259 0.821858 
1260 0.823512 
1261 0.825133 
1262 0.826721 
1263 0.828275 
1264 0.829794 
1265 0.831279 
1266 0.832728 
1267 0.834141 
1268 0.835518 
1269 0.836858 
1270 0.838161 
1271 0.839425 
1272 0.840652 
1273 0.84184 
1274 0.842988 
1275 0.844097 
1276 0.845165 
1277 0.846192 
1278 0.847178 
1279 0.848123 
1280 0.849025 
1281 0.849884 
1282 0.850699 
1283 0.851471 
1284 0.852199 
1285 0.852881 
1286 0.853518 
1287 0.854109 
1288 0.854653 
1289 0.855151 
1290 0.855601 
1291 0.856002 
1292 0.856355 
1293 0.856659 
1294 0.856913 
1295 0.857117 
1296 0.85727 
1297 0.857371 
1298 0.857421 
1299 0.857418 
1300 0.857362 
1301 0.857253 
1302 0.85709 
1303 0.856874 
1304 0.856605 
1305 0.856282 
1306 0.855908 
1307 0.85548 
1308 0.855 
1309 0.854468 
1310 0.853885 
1311 0.853249 
1312 0.852562 
1313 0.851823 
1314 0.851033 
1315 0.850192 
1316 0.849301 
1317 0.848359 
1318 0.847366 
1319 0.846323 
1320 0.845231 
1321 0.844088 
1322 0.842897 
1323 0.841656 
1324 0.840365 
1325 0.839026 
1326 0.837639 
1327 0.836203 
1328 0.834719 
1329 0.833186 
1330 0.831607 
1331 0.829979 
1332 0.828305 
1333 0.826584 
1334 0.824816 
1335 0.823001 
1336 0.82114 
1337 0.819234 
1338 0.817281 
1339 0.815283 
1340 0.81324 
1341 0.811152 
1342 0.80902 
1343 0.806843 
1344 0.804622 
1345 0.802357 
1346 0.800048 
1347 0.797696 
1348 0.795301 
1349 0.792864 
1350 0.790384 
1351 0.787861 
1352 0.785298 
1353 0.782693 
1354 0.780048 
1355 0.777364 
1356 0.774641 
1357 0.77188 
1358 0.769082 
1359 0.766247 
1360 0.763376 
1361 0.76047 
1362 0.757529 
1363 0.754555 
1364 0.751547 
1365 0.748507 
1366 0.745436 
1367 0.742334 
1368 0.739202 
1369 0.73604 
1370 0.73285 
1371 0.729632 
1372 0.726387 
1373 0.723116 
1374 0.719819 
1375 0.716498 
1376 0.713152 
1377 0.709784 
1378 0.706393 
1379 0.702981 
1380 0.699548 
1381 0.696095 
1382 0.692623 
1383 0.689133 
1384 0.685626 
1385 0.682102 
1386 0.678562 
1387 0.675007 
1388 0.671439 
1389 0.667857 
1390 0.664262 
1391 0.660657 
1392 0.65704 
1393 0.653414 
1394 0.649779 
1395 0.646136 
1396 0.642486 
1397 0.63883 
1398 0.635169 
1399 0.631503 
1400 0.627834 
1401 0.624162 
1402 0.620488 
1403 0.616811 
1404 0.613133 
1405 0.609454 
1406 0.605774 
1407 0.602093 
1408 0.598411 
1409 0.594729 
1410 0.591048 
1411 0.587366 
1412 0.583686 
1413 0.580006 
1414 0.576328 
1415 0.572651 
1416 0.568977 
1417 0.565304 
1418 0.561634 
1419 0.557967 
1420 0.554304 
1421 0.550643 
1422 0.546987 
1423 0.543335 
1424 0.539687 
1425 0.536044 
1426 0.532407 
1427 0.528775 
1428 0.525148 
1429 0.521528 
1430 0.517914 
1431 0.514307 
1432 0.510707 
1433 0.507115 
1434 0.50353 
1435 0.499954 
1436 0.496386 
1437 0.492827 
1438 0.489277 
1439 0.485737 
1440 0.482207 
1441 0.478687 
1442 0.475177 
1443 0.471679 
1444 0.468191 
1445 0.464716 
1446 0.461252 
1447 0.457801 
1448 0.454363 
1449 0.450938 
1450 0.447526 
1451 0.444128 
1452 0.440744 
1453 0.437375 
1454 0.43402 
1455 0.430679 
1456 0.427353 
1457 0.424043 
1458 0.420747 
1459 0.417468 
1460 0.414203 
1461 0.410955 
1462 0.407722 
1463 0.404506 
1464 0.401307 
1465 0.398124 
1466 0.394957 
1467 0.391808 
1468 0.388677 
1469 0.385562 
1470 0.382465 
1471 0.379387 
1472 0.376326 
1473 0.373284 
1474 0.37026 
1475 0.367255 
1476 0.364269 
1477 0.361302 
1478 0.358354 
1479 0.355426 
1480 0.352518 
1481 0.34963 
1482 0.346762 
1483 0.343914 
1484 0.341087 
1485 0.338282 
1486 0.335497 
1487 0.332733 
1488 0.329991 
1489 0.327271 
1490 0.324573 
1491 0.321897 
1492 0.319244 
1493 0.316613 
1494 0.314005 
1495 0.31142 
1496 0.308859 
1497 0.306321 
1498 0.303807 
1499 0.301317 
1500 0.298852 
1501 0.29641 
1502 0.293993 
1503 0.291601 
1504 0.289233 
1505 0.286889 
1506 0.28457 
1507 0.282274 
1508 0.280003 
1509 0.277755 
1510 0.275532 
1511 0.273332 
1512 0.271156 
1513 0.269004 
1514 0.266876 
1515 0.264771 
1516 0.26269 
1517 0.260632 
1518 0.258598 
1519 0.256587 
1520 0.254599 
1521 0.252635 
1522 0.250693 
1523 0.248775 
1524 0.246879 
1525 0.245007 
1526 0.243157 
1527 0.24133 
1528 0.239525 
1529 0.237743 
1530 0.235984 
1531 0.234247 
1532 0.232532 
1533 0.230839 
1534 0.229169 
1535 0.22752 
1536 0.225894 
1537 0.22429 
1538 0.222707 
1539 0.221146 
1540 0.219606 
1541 0.218089 
1542 0.216592 
1543 0.215117 
1544 0.213663 
1545 0.212231 
1546 0.210819 
1547 0.209428 
1548 0.208059 
1549 0.20671 
1550 0.205381 
1551 0.204073 
1552 0.202786 
1553 0.201519 
1554 0.200273 
1555 0.199046 
1556 0.19784 
1557 0.196653 
1558 0.195487 
1559 0.19434 
1560 0.193213 
1561 0.192106 
1562 0.191018 
1563 0.189949 
1564 0.1889 
1565 0.18787 
1566 0.186859 
1567 0.185867 
1568 0.184894 
1569 0.183939 
1570 0.183003 
1571 0.182086 
1572 0.181187 
1573 0.180306 
1574 0.179444 
1575 0.1786 
1576 0.177773 
1577 0.176964 
1578 0.176174 
1579 0.1754 
1580 0.174644 
1581 0.173906 
1582 0.173185 
1583 0.17248 
1584 0.171793 
1585 0.171123 
1586 0.170469 
1587 0.169832 
1588 0.169212 
1589 0.168608 
1590 0.16802 
1591 0.167448 
1592 0.166893 
1593 0.166353 
1594 0.165828 
1595 0.16532 
1596 0.164827 
1597 0.164349 
1598 0.163886 
1599 0.163439 
1600 0.163006 
1601 0.162588 
1602 0.162185 
1603 0.161796 
1604 0.161421 
1605 0.161061 
1606 0.160714 
1607 0.160382 
1608 0.160063 
1609 0.159757 
1610 0.159465 
1611 0.159186 
1612 0.15892 
1613 0.158666 
1614 0.158425 
1615 0.158197 
1616 0.157981 
1617 0.157777 
1618 0.157585 
1619 0.157405 
1620 0.157237 
1621 0.15708 
1622 0.156934 
1623 0.156799 
1624 0.156675 
1625 0.156561 
1626 0.156458 
1627 0.156366 
1628 0.156283 
1629 0.156211 
1630 0.156148 
1631 0.156095 
1632 0.156051 
1633 0.156016 
1634 0.155991 
1635 0.155974 
1636 0.155966 
1637 0.155966 
1638 0.155974 
1639 0.155991 
1640 0.156015 
1641 0.156047 
1642 0.156086 
1643 0.156132 
1644 0.156186 
1645 0.156246 
1646 0.156313 
1647 0.156386 
1648 0.156465 
1649 0.156551 
1650 0.156642 
1651 0.156739 
1652 0.156841 
1653 0.156949 
1654 0.157062 
1655 0.157181 
1656 0.157305 
1657 0.157434 
1658 0.157568 
1659 0.157708 
1660 0.157853 
1661 0.158003 
1662 0.158159 
1663 0.158319 
1664 0.158484 
1665 0.158655 
1666 0.15883 
1667 0.15901 
1668 0.159195 
1669 0.159385 
1670 0.15958 
1671 0.159779 
1672 0.159983 
1673 0.160192 
1674 0.160405 
1675 0.160623 
1676 0.160845 
1677 0.161072 
1678 0.161303 
1679 0.161539 
1680 0.161778 
1681 0.162022 
1682 0.162271 
1683 0.162523 
1684 0.16278 
1685 0.16304 
1686 0.163305 
1687 0.163574 
1688 0.163846 
1689 0.164123 
1690 0.164403 
1691 0.164687 
1692 0.164975 
1693 0.165267 
1694 0.165562 
1695 0.16586 
1696 0.166163 
1697 0.166468 
1698 0.166777 
1699 0.16709 
1700 0.167406 
1701 0.167725 
1702 0.168047 
1703 0.168372 
1704 0.168701 
1705 0.169032 
1706 0.169367 
1707 0.169704 
1708 0.170044 
1709 0.170387 
1710 0.170733 
1711 0.171081 
1712 0.171432 
1713 0.171786 
1714 0.172142 
1715 0.1725 
1716 0.17286 
1717 0.173223 
1718 0.173588 
1719 0.173955 
1720 0.174324 
1721 0.174696 
1722 0.175069 
1723 0.175444 
1724 0.17582 
1725 0.176199 
1726 0.176579 
1727 0.176961 
1728 0.177344 
1729 0.177728 
1730 0.178114 
1731 0.178502 
1732 0.17889 
1733 0.17928 
1734 0.179671 
1735 0.180062 
1736 0.180455 
1737 0.180849 
1738 0.181243 
1739 0.181638 
1740 0.182034 
1741 0.18243 
1742 0.182827 
1743 0.183224 
1744 0.183622 
1745 0.18402 
1746 0.184418 
1747 0.184816 
1748 0.185215 
1749 0.185613 
1750 0.186011 
1751 0.186409 
1752 0.186807 
1753 0.187204 
1754 0.187601 
1755 0.187998 
1756 0.188394 
1757 0.188789 
1758 0.189184 
1759 0.189578 
1760 0.189971 
1761 0.190363 
1762 0.190754 
1763 0.191144 
1764 0.191533 
1765 0.191921 
1766 0.192307 
1767 0.192692 
1768 0.193076 
1769 0.193458 
1770 0.193838 
1771 0.194217 
1772 0.194593 
1773 0.194968 
1774 0.195341 
1775 0.195712 
1776 0.196081 
1777 0.196448 
1778 0.196812 
1779 0.197174 
1780 0.197534 
1781 0.197891 
1782 0.198245 
1783 0.198597 
1784 0.198946 
1785 0.199292 
1786 0.199635 
1787 0.199975 
1788 0.200312 
1789 0.200646 
1790 0.200976 
1791 0.201303 
1792 0.201627 
1793 0.201947 
1794 0.202263 
1795 0.202576 
1796 0.202885 
1797 0.20319 
1798 0.203491 
1799 0.203788 
1800 0.20408 
1801 0.204369 
1802 0.204653 
1803 0.204933 
1804 0.205208 
1805 0.205478 
1806 0.205744 
1807 0.206005 
1808 0.206261 
1809 0.206512 
1810 0.206758 
1811 0.206998 
1812 0.207234 
1813 0.207464 
1814 0.207688 
1815 0.207907 
1816 0.208121 
1817 0.208328 
1818 0.20853 
1819 0.208726 
1820 0.208915 
1821 0.209099 
1822 0.209276 
1823 0.209447 
1824 0.209611 
1825 0.209769 
1826 0.20992 
1827 0.210065 
1828 0.210202 
1829 0.210333 
1830 0.210457 
1831 0.210573 
1832 0.210682 
1833 0.210784 
1834 0.210878 
1835 0.210965 
1836 0.211044 
1837 0.211116 
1838 0.211179 
1839 0.211234 
1840 0.211282 
1841 0.211321 
1842 0.211352 
1843 0.211374 
1844 0.211388 
1845 0.211394 
1846 0.21139 
1847 0.211378 
1848 0.211357 
1849 0.211326 
1850 0.211287 
1851 0.211238 
1852 0.21118 
1853 0.211113 
1854 0.211037 
1855 0.210951 
1856 0.210856 
1857 0.210752 
1858 0.210638 
1859 0.210515 
1860 0.210383 
1861 0.210242 
1862 0.210092 
1863 0.209932 
1864 0.209763 
1865 0.209585 
1866 0.209397 
1867 0.209201 
1868 0.208995 
1869 0.20878 
1870 0.208556 
1871 0.208322 
1872 0.20808 
1873 0.207828 
1874 0.207567 
1875 0.207297 
1876 0.207017 
1877 0.206729 
1878 0.206431 
1879 0.206124 
1880 0.205808 
1881 0.205483 
1882 0.205149 
1883 0.204806 
1884 0.204453 
1885 0.204092 
1886 0.203721 
1887 0.203341 
1888 0.202952 
1889 0.202554 
1890 0.202147 
1891 0.201731 
1892 0.201305 
1893 0.200871 
1894 0.200428 
1895 0.199975 
1896 0.199514 
1897 0.199043 
1898 0.198564 
1899 0.198075 
1900 0.197578 
1901 0.197071 
1902 0.196556 
1903 0.196032 
1904 0.195499 
1905 0.194959 
1906 0.19441 
1907 0.193853 
1908 0.193288 
1909 0.192715 
1910 0.192135 
1911 0.191548 
1912 0.190954 
1913 0.190352 
1914 0.189744 
1915 0.189129 
1916 0.188508 
1917 0.187881 
1918 0.187247 
1919 0.186608 
1920 0.185963 
1921 0.185312 
1922 0.184656 
1923 0.183995 
1924 0.183329 
1925 0.182658 
1926 0.181983 
1927 0.181303 
1928 0.180618 
1929 0.17993 
1930 0.179238 
1931 0.178542 
1932 0.177843 
1933 0.17714 
1934 0.176435 
1935 0.175726 
1936 0.175015 
1937 0.174301 
1938 0.173585 
1939 0.172867 
1940 0.172146 
1941 0.171424 
1942 0.170701 
1943 0.169976 
1944 0.16925 
1945 0.168523 
1946 0.167795 
1947 0.167067 
1948 0.166339 
1949 0.16561 
1950 0.164881 
1951 0.164153 
1952 0.163425 
1953 0.162697 
1954 0.161969 
1955 0.161242 
1956 0.160514 
1957 0.159787 
1958 0.159059 
1959 0.158332 
1960 0.157604 
1961 0.156876 
1962 0.156149 
1963 0.155421 
1964 0.154693 
1965 0.153964 
1966 0.153236 
1967 0.152507 
1968 0.151778 
1969 0.151048 
1970 0.150318 
1971 0.149587 
1972 0.148856 
1973 0.148124 
1974 0.147392 
1975 0.146659 
1976 0.145926 
1977 0.145191 
1978 0.144456 
1979 0.143721 
1980 0.142984 
1981 0.142247 
1982 0.141508 
1983 0.140769 
1984 0.140029 
1985 0.139287 
1986 0.138545 
1987 0.137801 
1988 0.137056 
1989 0.136311 
1990 0.135563 
1991 0.134815 
1992 0.134065 
1993 0.133314 
1994 0.132561 
1995 0.131807 
1996 0.131052 
1997 0.130295 
1998 0.129536 
1999 0.128776 
2000 0.128014 
