-21 0 2.12542e-11 -2.12541e-11 6.882e-07 3.67499e-06 4.09805e-33 0.999996 0 0 2.12541e-11 0 
-20.7273 4.42254e+18 1.61808e-11 -1.61808e-11 9.03978e-07 4.82724e-06 1.21998e-32 0.999994 0 0 1.61808e-11 12.9394 
-20.4545 1.02317e+19 1.23185e-11 -1.23184e-11 1.18741e-06 6.34077e-06 3.63185e-32 0.999992 0 0 1.23184e-11 35.265 
-20.1818 1.78623e+19 9.37807e-12 -9.37802e-12 1.55971e-06 8.32885e-06 1.08119e-31 0.99999 0 0 9.37802e-12 73.7853 
-19.9091 2.78855e+19 7.13954e-12 -7.13949e-12 2.04874e-06 1.09403e-05 3.21868e-31 0.999987 0 0 7.13949e-12 140.248 
-19.6364 4.10512e+19 5.43535e-12 -5.4353e-12 2.69109e-06 1.43704e-05 9.58189e-31 0.999983 0 0 5.4353e-12 254.922 
-19.3636 5.83449e+19 4.13794e-12 -4.1379e-12 3.53484e-06 1.88761e-05 2.85249e-30 0.999978 0 0 4.1379e-12 452.778 
-19.0909 8.10609e+19 3.15023e-12 -3.15018e-12 4.64313e-06 2.47943e-05 8.49175e-30 0.999971 0 0 3.15018e-12 794.158 
-18.8182 1.10899e+20 2.39828e-12 -2.39823e-12 6.09889e-06 3.25681e-05 2.52795e-29 0.999961 0 0 2.39823e-12 1383.17 
-18.5455 1.50093e+20 1.82582e-12 -1.82578e-12 8.01106e-06 4.2779e-05 7.52558e-29 0.999949 0 0 1.82578e-12 2399.44 
-18.2727 2.01575e+20 1.39001e-12 -1.38996e-12 1.05227e-05 5.61912e-05 2.24031e-28 0.999933 0 0 1.38996e-12 4152.89 
-18 2.69198e+20 1.05823e-12 -1.05818e-12 1.38217e-05 7.38079e-05 6.66922e-28 0.999912 0 0 1.05818e-12 7178.26 
-17.7273 3.58023e+20 8.0564e-13 -8.05593e-13 1.81549e-05 9.69471e-05 1.98536e-27 0.999885 0 0 8.05593e-13 12398.1 
-17.4545 4.74696e+20 6.13345e-13 -6.13298e-13 2.38464e-05 0.00012734 5.91016e-27 0.999849 0 0 6.13298e-13 21404.3 
-17.1818 6.27948e+20 4.66951e-13 -4.66904e-13 3.13217e-05 0.000167258 1.75936e-26 0.999801 0 0 4.66904e-13 36943.2 
-16.9091 8.29246e+20 3.55501e-13 -3.55454e-13 4.11398e-05 0.000219687 5.23725e-26 0.999739 0 0 3.55454e-13 63753.2 
-16.6364 1.09365e+21 2.70654e-13 -2.70608e-13 5.40344e-05 0.000288544 1.55899e-25 0.999657 0 0 2.70608e-13 110009 
-16.3636 1.44094e+21 2.0606e-13 -2.06014e-13 7.09689e-05 0.000378974 4.64059e-25 0.99955 0 0 2.06014e-13 189815 
-16.0909 1.89709e+21 1.56885e-13 -1.56838e-13 9.32075e-05 0.000497728 1.3813e-24 0.999409 0 0 1.56838e-13 327503 
-15.8182 2.49621e+21 1.19447e-13 -1.19401e-13 0.000122409 0.000653665 4.11133e-24 0.999224 0 0 1.19401e-13 565050 
-15.5455 3.2831e+21 9.09464e-14 -9.09001e-14 0.000160751 0.000858408 1.22364e-23 0.998981 0 0 9.09e-14 974866 
-15.2727 4.31656e+21 6.92486e-14 -6.92023e-14 0.000211085 0.00112719 3.64158e-23 0.998662 0 0 6.92022e-14 1.68186e+06 
-15 5.67381e+21 5.273e-14 -5.26837e-14 0.000277153 0.00148 1.08364e-22 0.998243 0 0 5.26837e-14 2.90148e+06 
-14.7273 7.45619e+21 4.01545e-14 -4.01081e-14 0.000363851 0.00194297 3.22419e-22 0.997693 0 0 4.01081e-14 5.00528e+06 
-14.4545 9.79666e+21 3.05807e-14 -3.05344e-14 0.000477589 0.00255032 9.5914e-22 0.996972 0 0 3.05343e-14 8.634e+06 
-14.1818 1.28697e+22 2.32921e-14 -2.32458e-14 0.000626738 0.00334678 2.85263e-21 0.996026 0 0 2.32458e-14 1.48923e+07 
-13.9091 1.6904e+22 1.77433e-14 -1.76971e-14 0.000822222 0.00439067 8.48165e-21 0.994787 0 0 1.7697e-14 2.56845e+07 
-13.6364 2.21995e+22 1.3519e-14 -1.34728e-14 0.00107826 0.00575791 2.52085e-20 0.993164 0 0 1.34727e-14 4.42917e+07 
-13.3636 2.91487e+22 1.03031e-14 -1.02569e-14 0.00141331 0.00754708 7.48847e-20 0.99104 0 0 1.02567e-14 7.63659e+07 
-13.0909 3.82656e+22 7.85475e-15 -7.80865e-15 0.00185124 0.00988564 2.22306e-19 0.988263 0 0 7.80838e-15 1.31638e+08 
-12.8182 5.02216e+22 5.99082e-15 -5.94481e-15 0.00242277 0.0129376 6.59373e-19 0.98464 0 0 5.94445e-15 2.26848e+08 
-12.5455 6.5893e+22 4.57178e-15 -4.52588e-15 0.00316716 0.0169126 1.95353e-18 0.97992 0 0 4.52542e-15 3.90773e+08 
-12.2727 8.64211e+22 3.49144e-15 -3.44568e-15 0.00413416 0.0220764 5.77923e-18 0.973789 0 0 3.44508e-15 6.72822e+08 
-12 1.13288e+23 2.66893e-15 -2.62336e-15 0.00538613 0.028762 1.70644e-17 0.965852 0 0 2.62258e-15 1.1577e+09 
-11.7273 1.48414e+23 2.04271e-15 -1.99738e-15 0.00699997 0.0373798 5.02623e-17 0.95562 0 0 1.99637e-15 1.99035e+09 
-11.4545 1.94271e+23 1.5659e-15 -1.52088e-15 0.00906856 0.0484261 1.47576e-16 0.942505 0 0 1.51959e-15 3.41818e+09 
-11.1818 2.54031e+23 1.20281e-15 -1.1582e-15 0.011701 0.0624833 4.31552e-16 0.925816 0 0 1.15654e-15 5.86218e+09 
-10.9091 3.31729e+23 9.26292e-16 -8.82187e-16 0.0150204 0.0802088 1.25552e-15 0.904771 0 0 8.80087e-16 1.00359e+10 
-10.6364 4.3246e+23 7.15637e-16 -6.72176e-16 0.0191579 0.102303 3.62928e-15 0.878539 0 0 6.69536e-16 1.71429e+10 
-10.3636 5.62581e+23 5.55092e-16 -5.12435e-16 0.0242415 0.12945 1.04079e-14 0.846309 0 0 5.09157e-16 2.9201e+10 
-10.0909 7.29926e+23 4.32654e-16 -3.90989e-16 0.0303783 0.16222 2.95598e-14 0.807401 0 0 3.86977e-16 4.95684e+10 
-9.81818 9.43999e+23 3.39179e-16 -2.98718e-16 0.0376308 0.200948 8.29874e-14 0.761421 0 0 2.93892e-16 8.37881e+10 
-9.54545 1.21613e+24 2.67701e-16 -2.28674e-16 0.0459894 0.245583 2.29857e-13 0.708427 0 0 2.22984e-16 1.4092e+11 
-9.27273 1.55959e+24 2.12913e-16 -1.75556e-16 0.055349 0.295563 6.26964e-13 0.649088 0 0 1.69001e-16 2.35614e+11 
-9 1.98955e+24 1.70775e-16 -1.35318e-16 0.0654968 0.349753 1.68145e-12 0.58475 0 0 1.27956e-16 3.91301e+11 
-8.72727 2.52313e+24 1.38216e-16 -1.04863e-16 0.0761219 0.406491 4.429e-12 0.517387 0 0 9.68153e-17 6.45034e+11 
-8.45455 3.17926e+24 1.12905e-16 -8.18212e-17 0.0868476 0.463766 1.14521e-11 0.449386 0 0 7.32637e-17 1.05478e+12 
-8.18182 3.97867e+24 9.30787e-17 -6.43744e-17 0.097283 0.519491 2.90735e-11 0.383226 0 0 5.55224e-17 1.7104e+12 
-7.90909 4.94394e+24 7.74099e-17 -5.11341e-17 0.107078 0.571797 7.25258e-11 0.321125 0 0 4.22151e-17 2.75006e+12 
-7.63636 6.09968e+24 6.49018e-17 -4.10429e-17 0.115967 0.619265 1.78016e-10 0.264768 0 0 3.22719e-17 4.38487e+12 
-7.36364 7.47295e+24 5.48098e-17 -3.33015e-17 0.123791 0.661043 4.30669e-10 0.215166 0 0 2.48613e-17 6.93599e+12 
-7.09091 9.09369e+24 4.65787e-17 -2.73108e-17 0.130493 0.696832 1.0289e-09 0.172675 0 0 1.93404e-17 1.08903e+13 
-6.81818 1.09955e+25 3.97947e-17 -2.26254e-17 0.136103 0.726789 2.43213e-09 0.137109 0 0 1.52179e-17 1.69846e+13 
-6.54545 1.32163e+25 3.4149e-17 -1.8917e-17 0.140708 0.75138 5.69862e-09 0.107913 0 0 1.21229e-17 2.63315e+13 
-6.27273 1.57994e+25 2.94096e-17 -1.59448e-17 0.144428 0.771246 1.32567e-08 0.0843261 0 0 9.78011e-18 4.06105e+13 
-6 1.87941e+25 2.5401e-17 -1.35326e-17 0.147395 0.787089 3.06618e-08 0.0655162 0 0 7.98718e-18 6.23544e+13 
-5.72727 2.22573e+25 2.19891e-17 -1.15516e-17 0.149737 0.799593 7.05951e-08 0.0506699 0 0 6.59734e-18 9.53814e+13 
-5.45455 2.6254e+25 1.90696e-17 -9.90712e-18 0.15157 0.809383 1.61954e-07 0.0390473 0 0 5.50477e-18 1.45445e+14 
-5.18182 3.08591e+25 1.6561e-17 -8.52897e-18 0.152996 0.816997 3.70502e-07 0.0300064 0 0 4.63348e-18 2.21215e+14 
-4.90909 3.61587e+25 1.43981e-17 -7.36466e-18 0.154099 0.822891 8.45753e-07 0.0230087 0 0 3.92893e-18 3.35748e+14 
-4.63636 4.22516e+25 1.25281e-17 -6.37436e-18 0.15495 0.827435 1.92738e-06 0.0176132 0 0 3.3518e-18 5.08712e+14 
-4.36364 4.92516e+25 1.09081e-17 -5.52744e-18 0.155604 0.830926 4.38659e-06 0.0134655 0 0 2.87357e-18 7.69724e+14 
-4.09091 5.72891e+25 9.50234e-18 -4.79989e-18 0.156105 0.833601 9.97366e-06 0.0102843 0 0 2.47334e-18 1.16338e+15 
-3.81818 6.65138e+25 8.2809e-18 -4.17267e-18 0.156487 0.835642 2.26594e-05 0.00784863 0 0 2.13566e-18 1.75684e+15 
-3.54545 7.70974e+25 7.21863e-18 -3.63036e-18 0.156776 0.837186 5.14496e-05 0.00598621 0 0 1.84892e-18 2.65121e+15 
-3.27273 8.92369e+25 6.29414e-18 -3.16033e-18 0.15699 0.838329 0.000116763 0.00456352 0 0 1.60443e-18 3.9987e+15 
-3 1.03158e+26 5.48921e-18 -2.75197e-18 0.157138 0.839119 0.000264879 0.00347749 0 0 1.39574e-18 6.02844e+15 
-2.72727 1.19119e+26 4.78829e-18 -2.39617e-18 0.157216 0.839534 0.000600613 0.00264872 0 0 1.21838e-18 9.08518e+15 
-2.45455 1.37413e+26 4.17817e-18 -2.08477e-18 0.157196 0.839427 0.00136104 0.00201621 0 0 1.07002e-18 1.36874e+16 
-2.18182 1.58373e+26 3.64782e-18 -1.80985e-18 0.157001 0.838385 0.0030808 0.00153304 0 0 9.51209e-19 2.06135e+16 
-1.90909 1.82369e+26 3.18844e-18 -1.5628e-18 0.156448 0.835432 0.00695765 0.00116299 0 0 8.67061e-19 3.10282e+16 
-1.63636 2.09791e+26 2.79384e-18 -1.33262e-18 0.155124 0.828363 0.0156352 0.000877895 0 0 8.3048e-19 4.66613e+16 
-1.36364 2.41011e+26 2.46146e-18 -1.10322e-18 0.152144 0.812447 0.0347544 0.0006555 0 0 8.67012e-19 7.00365e+16 
-1.09091 2.7626e+26 2.19427e-18 -8.493e-19 0.145752 0.778313 0.0754573 0.000478067 0 0 1.01835e-18 1.04695e+17 
-0.818182 3.15372e+26 2.00384e-18 -5.33011e-19 0.133053 0.710501 0.156115 0.000332242 0 0 1.33039e-18 1.55181e+17 
-0.545455 3.5733e+26 1.91338e-18 -1.08984e-19 0.111097 0.59326 0.295431 0.000211199 0 0 1.799e-18 2.26252e+17 
-0.272727 3.99863e+26 1.95697e-18 4.51785e-19 0.0808525 0.431752 0.487278 0.000117014 0 0 2.30492e-18 3.20736e+17 
0 4.39812e+26 2.17132e-18 1.13862e-18 0.05 0.267 0.682945 5.50896e-05 0 0 2.7131e-18 4.37089e+17 
0.272727 4.74526e+26 2.58717e-18 1.92737e-18 0.0268118 0.143175 0.829991 2.24896e-05 0 0 3.07881e-18 5.69684e+17 
0.545455 5.0294e+26 3.23291e-18 2.83095e-18 0.0130721 0.0698048 0.917115 8.34749e-06 0 0 3.58494e-18 7.12086e+17 
0.818182 5.25361e+26 4.14705e-18 3.90851e-18 0.00604794 0.032296 0.961653 2.94019e-06 0 0 4.3719e-18 8.59601e+17 
1.09091 5.42719e+26 5.38865e-18 5.24889e-18 0.00272698 0.0145621 0.98271 1.00927e-06 0 0 5.5248e-18 1.00956e+18 
1.36364 5.56034e+26 7.04395e-18 6.96255e-18 0.00121497 0.00648796 0.992297 3.42331e-07 0 0 7.1244e-18 1.16065e+18 
1.63636 5.66205e+26 9.23258e-18 9.18531e-18 0.000538404 0.00287508 0.996586 1.1549e-07 0 0 9.27962e-18 1.31224e+18 
1.90909 5.7396e+26 1.21158e-17 1.20884e-17 0.000238016 0.001271 0.998491 3.88685e-08 0 0 1.21432e-17 1.46405e+18 
2.18182 5.79867e+26 1.59079e-17 1.5892e-17 0.000105109 0.000561282 0.999334 1.30674e-08 0 0 1.59238e-17 1.61596e+18 
2.45455 5.84366e+26 2.08918e-17 2.08826e-17 4.63949e-05 0.000247749 0.999706 4.39111e-09 0 0 2.0901e-17 1.76791e+18 
2.72727 5.87792e+26 2.744e-17 2.74347e-17 2.04743e-05 0.000109333 0.99987 1.47526e-09 0 0 2.74454e-17 1.91989e+18 
3 5.904e+26 3.60423e-17 3.60392e-17 9.0346e-06 4.82448e-05 0.999943 4.95593e-10 0 0 3.60454e-17 2.07187e+18 
3.27273 5.92385e+26 4.73424e-17 4.73406e-17 3.98649e-06 2.12879e-05 0.999975 1.6648e-10 0 0 4.73442e-17 2.22385e+18 
3.54545 5.93897e+26 6.21857e-17 6.21847e-17 1.759e-06 9.39305e-06 0.999989 5.59234e-11 0 0 6.21868e-17 2.37584e+18 
3.81818 5.95047e+26 8.16833e-17 8.16827e-17 7.76133e-07 4.14455e-06 0.999995 1.87854e-11 0 0 8.16839e-17 2.52783e+18 
4.09091 5.95923e+26 1.07294e-16 1.07294e-16 3.42457e-07 1.82872e-06 0.999998 6.31024e-12 0 0 1.07295e-16 2.67982e+18 
4.36364 5.9659e+26 1.40936e-16 1.40935e-16 1.51103e-07 8.06892e-07 0.999999 2.11968e-12 0 0 1.40936e-16 2.83181e+18 
4.63636 5.97098e+26 1.85125e-16 1.85125e-16 6.66719e-08 3.56028e-07 1 7.12025e-13 0 0 1.85125e-16 2.98379e+18 
4.90909 5.97485e+26 2.43169e-16 2.43169e-16 2.94179e-08 1.57091e-07 1 2.39177e-13 0 0 2.43169e-16 3.13578e+18 
5.18182 5.97779e+26 3.19413e-16 3.19413e-16 1.29801e-08 6.93139e-08 1 8.03422e-14 0 0 3.19413e-16 3.28777e+18 
5.45455 5.98003e+26 4.19562e-16 4.19562e-16 5.72727e-09 3.05836e-08 1 2.69878e-14 0 0 4.19562e-16 3.43976e+18 
5.72727 5.98174e+26 5.51112e-16 5.51112e-16 2.52706e-09 1.34945e-08 1 9.06551e-15 0 0 5.51112e-16 3.59175e+18 
6 5.98303e+26 7.23909e-16 7.23909e-16 1.11502e-09 5.95422e-09 1 3.0452e-15 0 0 7.23909e-16 3.74374e+18 
